# Mean_Fitness,Std_Dev,Top_1_Fitness
1.821108780729891237e+02,3.334465955004574766e+01,1.220976096165406375e+02
1.774240994174646744e+02,2.675656556014315868e+01,1.220976096165406375e+02
1.700625183251115686e+02,2.749046659241351875e+01,1.220976096165406375e+02
1.855377692169224133e+02,3.044865295288871465e+01,1.136369082853391603e+02
1.801427321711383058e+02,2.489838061844569594e+01,1.136369082853391603e+02
1.836471846606114866e+02,2.917710022334041398e+01,1.136369082853391603e+02
1.849819032973990147e+02,3.261711548360273127e+01,8.523317368759329327e+01
1.712739600692848114e+02,3.267207326989144889e+01,8.523317368759329327e+01
1.635233765655566458e+02,3.246066664684489922e+01,8.523317368759329327e+01
1.535695803392721643e+02,3.735467317985168734e+01,8.523317368759329327e+01
1.609072322503879207e+02,4.250885983158130443e+01,8.523317368759329327e+01
1.651506818731059525e+02,4.130717868548325100e+01,8.452353824684617223e+01
1.550165834309506465e+02,4.918030716845671435e+01,8.452353824684617223e+01
1.536621840930313851e+02,3.627907822211905398e+01,8.452353824684617223e+01
1.696944253591869369e+02,4.100391453056231228e+01,6.920429042713792001e+01
1.604569309151917764e+02,4.011206585876672648e+01,6.920429042713792001e+01
1.792384727425726965e+02,3.449232630053249693e+01,6.920429042713792001e+01
1.615373650224611879e+02,4.216661003086672110e+01,6.920429042713792001e+01
1.519511731131596264e+02,4.067466546895717983e+01,6.920429042713792001e+01
1.472489864256035617e+02,4.323001510716314044e+01,6.469091204948182394e+01
1.593528763326968090e+02,3.805753029755677375e+01,6.469091204948182394e+01
1.574737390393780174e+02,3.052937778308678318e+01,6.469091204948182394e+01
1.602823709554390348e+02,3.546189220267243059e+01,6.469091204948182394e+01
1.485686990451375209e+02,4.325677694176178534e+01,6.016664110538941657e+01
1.402646993526417702e+02,4.321667558126583941e+01,5.988988514828405130e+01
1.512001356953305731e+02,3.220908556741110118e+01,5.988988514828405130e+01
1.591919089825815377e+02,3.112203922770695996e+01,5.988988514828405130e+01
1.491435527460056676e+02,2.776724166823853324e+01,5.988988514828405130e+01
1.456807409723353715e+02,3.613888151747429589e+01,5.988988514828405130e+01
1.357262106300146058e+02,3.529506401087951417e+01,5.988988514828405130e+01
1.336787372313888227e+02,4.322210312691029088e+01,4.771693409086680049e+01
1.469169533435269273e+02,4.171453606217875887e+01,4.771693409086680049e+01
1.132289135275413798e+02,4.220419394085612907e+01,4.771693409086680049e+01
1.346305495459267547e+02,4.472642561424402885e+01,4.771693409086680049e+01
1.415438054818373530e+02,4.611281163906038216e+01,4.771693409086680049e+01
1.306659382566836598e+02,4.510627880763598085e+01,4.771693409086680049e+01
1.250181129025204143e+02,4.862785404957847391e+01,4.771693409086680049e+01
1.498288472225592045e+02,4.247741746854043754e+01,4.771693409086680049e+01
1.505297626258970638e+02,4.792202623071269585e+01,4.771693409086680049e+01
1.485089411070619008e+02,4.245591558090813322e+01,4.771693409086680049e+01
1.425685423739971043e+02,3.519035680200035898e+01,4.771693409086680049e+01
1.476411451998439475e+02,3.596813881542903601e+01,4.771693409086680049e+01
1.596378870062728765e+02,4.777012059222874996e+01,4.771693409086680049e+01
1.232442376334894618e+02,4.110012823731743481e+01,4.771693409086680049e+01
1.355784042359984198e+02,3.269136225457051381e+01,4.771693409086680049e+01
1.506633148720530357e+02,3.833999877518080268e+01,4.771693409086680049e+01
1.427205393508616282e+02,5.043830432873333791e+01,4.726683307179903437e+01
1.572224727388552878e+02,5.126477787024480648e+01,4.726683307179903437e+01
1.406370705705885484e+02,5.194629866477419711e+01,4.726683307179903437e+01
1.288107786158664965e+02,3.353297252835362485e+01,4.726683307179903437e+01
1.277380836752480775e+02,2.728633495825649646e+01,4.726683307179903437e+01
1.308048694806040260e+02,3.277641898958353295e+01,4.726683307179903437e+01
1.198247230792153744e+02,3.967405506265598802e+01,4.726683307179903437e+01
1.194269597777098681e+02,4.576526409824704444e+01,3.912969473033908230e+01
1.140528698415349282e+02,4.742258097342359946e+01,3.912969473033908230e+01
1.192558152021732951e+02,4.660973035202240311e+01,3.912969473033908230e+01
1.355853104891190526e+02,4.478872384973635690e+01,3.912969473033908230e+01
1.231463531013144177e+02,4.213389539910030379e+01,3.912969473033908230e+01
1.267930072905435708e+02,4.458550391104098054e+01,3.912969473033908230e+01
1.240660776766766560e+02,4.580492506117724361e+01,3.912969473033908230e+01
1.359234995382371949e+02,4.947560465277693709e+01,3.912969473033908230e+01
1.351678810363186187e+02,4.589005898899267066e+01,3.912969473033908230e+01
1.261399901633385525e+02,4.412807478283679075e+01,3.413991988245994946e+01
1.158457131474288815e+02,5.245164532786714773e+01,3.413991988245994946e+01
1.223830658865767163e+02,5.314158888958854732e+01,3.413991988245994946e+01
1.267494366621516804e+02,6.088611492966384020e+01,3.413991988245994946e+01
1.179323160506595798e+02,6.434520697211276286e+01,3.332648861087542969e+01
1.228434380373650612e+02,5.392742375114786313e+01,3.332648861087542969e+01
1.323167704819811377e+02,5.768789474216410440e+01,3.332648861087542969e+01
1.138950451299827193e+02,5.451138157043137511e+01,3.332648861087542969e+01
1.058676556929107164e+02,4.778940639389580269e+01,3.332648861087542969e+01
1.056700418427026733e+02,4.846549464475874913e+01,3.332648861087542969e+01
1.261148254830117423e+02,4.666713365267249713e+01,3.332648861087542969e+01
1.053729665810536460e+02,6.107768449883664630e+01,3.330644279906005067e+01
1.255195961903297501e+02,6.055798184388329730e+01,3.330644279906005067e+01
1.252075733322199937e+02,4.911072000814128558e+01,3.330644279906005067e+01
1.103963297787138629e+02,5.797188929188173034e+01,3.268517282030857984e+01
1.270192424573230312e+02,6.437374517030578147e+01,3.145141006167835940e+01
1.590422021126294680e+02,3.713159071109775766e+01,3.145141006167835940e+01
1.440595795048780587e+02,5.482863123795541327e+01,3.145141006167835940e+01
1.347665261033891113e+02,5.749172075871626220e+01,3.145141006167835940e+01
1.074902177889660777e+02,5.939757314175883351e+01,3.078458292947904340e+01
1.285672065016322563e+02,5.628743397166457640e+01,3.078458292947904340e+01
1.321018841187129169e+02,5.480761845516399688e+01,3.078458292947904340e+01
1.203377967994717466e+02,5.818475920794464429e+01,3.078458292947904340e+01
1.221004094262513036e+02,5.705140525063878698e+01,3.078458292947904340e+01
1.181282383371329843e+02,6.754433015264194751e+01,3.078458292947904340e+01
1.110467686677842778e+02,5.521654943002253901e+01,3.078458292947904340e+01
1.122072295232892856e+02,5.332553787520095767e+01,2.628339660727520766e+01
1.099213887849473821e+02,5.493038356102609754e+01,2.628339660727520766e+01
1.134776002335456724e+02,4.778262793483104076e+01,2.628339660727520766e+01
1.182446052588702088e+02,5.655633922913972356e+01,2.628339660727520766e+01
1.269051580390153333e+02,4.781654861473777629e+01,2.628339660727520766e+01
1.258370288071296983e+02,5.110295861857839839e+01,2.628339660727520766e+01
1.232884187934529336e+02,5.447005751820420016e+01,2.628339660727520766e+01
1.067566122188310374e+02,6.013953259716226540e+01,2.628339660727520766e+01
9.409538025721106180e+01,4.530656048194905594e+01,2.490645299218546427e+01
1.063353905956327878e+02,5.650470539903246703e+01,2.455349025146334441e+01
1.116140624416558182e+02,5.176142535058141192e+01,2.455349025146334441e+01
1.230120444370080861e+02,5.646873447413535985e+01,2.455349025146334441e+01
1.213290307291031240e+02,4.830804842869148530e+01,2.455349025146334441e+01
1.373149756173267519e+02,3.533221546058072704e+01,2.455349025146334441e+01
1.186031508482405314e+02,5.693832763972281441e+01,2.350599576935698565e+01
1.018478861297093516e+02,5.927331034557623468e+01,2.166215560408899421e+01
1.250087532773378314e+02,6.469318037718035441e+01,2.166215560408899421e+01
1.114123524778971444e+02,6.191248516263867430e+01,2.166215560408899421e+01
1.290352214770970818e+02,6.540419808364326570e+01,2.166215560408899421e+01
1.215526438864229277e+02,5.474433049875148782e+01,2.166215560408899421e+01
1.213501865974517813e+02,5.572526950866361517e+01,2.166215560408899421e+01
1.188835993371899349e+02,5.563301079183398201e+01,2.133328632190843166e+01
1.124952175862447348e+02,5.640194426237133740e+01,2.121259952979181662e+01
1.055228175124235293e+02,5.560411921158048187e+01,1.961734030828654340e+01
1.201400909374584387e+02,6.228015335028700150e+01,1.961734030828654340e+01
1.147758913099237361e+02,5.853943038509671482e+01,1.961734030828654340e+01
1.328721577867334815e+02,5.002259590215491869e+01,1.961734030828654340e+01
1.031895161718994558e+02,5.717448757916830715e+01,1.961734030828654340e+01
1.224867479767309533e+02,6.451484232232358806e+01,1.961734030828654340e+01
1.121492870180325099e+02,6.617980938159846005e+01,1.961734030828654340e+01
1.321994303177227437e+02,6.164371992278589829e+01,1.961734030828654340e+01
1.354618238731278836e+02,6.307933971438695409e+01,1.961734030828654340e+01
1.360870881216610826e+02,7.985913242131709922e+01,1.961734030828654340e+01
1.130405061066304313e+02,5.926096090692221452e+01,1.961734030828654340e+01
1.132526485196705579e+02,5.560902336191611539e+01,1.961734030828654340e+01
1.267339531085296187e+02,5.141465640603554021e+01,1.961734030828654340e+01
1.222730677079728139e+02,6.402754805906862146e+01,1.961734030828654340e+01
1.240589711945138731e+02,6.462950427514300600e+01,1.961734030828654340e+01
1.082138618281146876e+02,6.184318672516047144e+01,1.791412101456393202e+01
1.046553995853629431e+02,6.464511191196187667e+01,1.791412101456393202e+01
1.286767004153461471e+02,4.700101505161126880e+01,1.791412101456393202e+01
1.049815441114278940e+02,5.797352169237942121e+01,1.791412101456393202e+01
9.074633895969391517e+01,5.946021709941767597e+01,1.791412101456393202e+01
1.057367505560126091e+02,6.852262282622848488e+01,1.791412101456393202e+01
1.068774830121044062e+02,5.776205378650716682e+01,1.791412101456393202e+01
1.052387117801629302e+02,6.475520668071970931e+01,1.731076587560306734e+01
1.053795826536089209e+02,6.083348174606707914e+01,1.731076587560306734e+01
1.148574702770077209e+02,6.451231240208852569e+01,1.731076587560306734e+01
9.643102158592330397e+01,6.519446125147561588e+01,1.731076587560306734e+01
8.506241168754456794e+01,6.168982816525643642e+01,1.731076587560306734e+01
8.829360652814503396e+01,6.695533720102277186e+01,1.731076587560306734e+01
1.026846562102874003e+02,6.949491979354709770e+01,1.731076587560306734e+01
1.128634865226949415e+02,6.407027797812838799e+01,1.731076587560306734e+01
9.873073361667263725e+01,6.810545473898417868e+01,1.711529640123278284e+01
7.766003228488388288e+01,6.150504731257831281e+01,1.682896240444102887e+01
1.164938008609680082e+02,5.872643402894687625e+01,1.682896240444102887e+01
1.284722112493893746e+02,6.017095503601913720e+01,1.682896240444102887e+01
1.451430013036503510e+02,4.589862908787634410e+01,1.682896240444102887e+01
1.382361624880223303e+02,4.845805440904963035e+01,1.682896240444102887e+01
1.381241857524940428e+02,4.944716282624855097e+01,1.682896240444102887e+01
1.434207264201089345e+02,5.666654337142267650e+01,1.682896240444102887e+01
1.342574091760356509e+02,5.759806605554292247e+01,1.682896240444102887e+01
1.161370960256428617e+02,5.851361269317876435e+01,1.682896240444102887e+01
1.152843193081001800e+02,6.760185373338777026e+01,1.681779230608560738e+01
8.806430141477115114e+01,6.589326578325277239e+01,1.669746137619304704e+01
8.604566112863571448e+01,6.706003672022367823e+01,1.669746137619304704e+01
8.744277453534834876e+01,6.773868150494111262e+01,1.669746137619304704e+01
9.130630683209494691e+01,6.814527683840469763e+01,1.669746137619304704e+01
1.018569755414791302e+02,5.508063179417602129e+01,1.669746137619304704e+01
9.993115938954269950e+01,5.942211769712572789e+01,1.664826343023189281e+01
1.135572706612361742e+02,6.333476044445418296e+01,1.641505123185619652e+01
8.656899809167848048e+01,6.443313953828659635e+01,1.641505123185619652e+01
1.025090400014336467e+02,6.560064023142963663e+01,1.641505123185619652e+01
1.003809271550350246e+02,6.226986871296737291e+01,1.641505123185619652e+01
1.014774473685656631e+02,5.727585516020968015e+01,1.641505123185619652e+01
1.130636480643670438e+02,6.058934619921176079e+01,1.641505123185619652e+01
9.770990847970193727e+01,6.326427805256609105e+01,1.629192317008684654e+01
1.201380481547639221e+02,6.945278678241301407e+01,1.629192317008684654e+01
1.393249184340798479e+02,6.834625295811274270e+01,1.629192317008684654e+01
1.007238330119203340e+02,7.111605558153338791e+01,1.629192317008684654e+01
1.010722945522537373e+02,6.802005341184775489e+01,1.629192317008684654e+01
1.057896689204288094e+02,6.211845173115539609e+01,1.629192317008684654e+01
1.004086445933223075e+02,6.075729889185427623e+01,1.629192317008684654e+01
1.077906162298749280e+02,5.673208287766549773e+01,1.612677027345354475e+01
9.071011885478722547e+01,6.574696610444502198e+01,1.612677027345354475e+01
1.022148752359094175e+02,6.020819079080458636e+01,1.612677027345354475e+01
1.035100529332400612e+02,6.221638137092568144e+01,1.612677027345354475e+01
8.936231728985544009e+01,6.724358124451886454e+01,1.450436741196766377e+01
1.015684541101585410e+02,7.039574313361339364e+01,1.450436741196766377e+01
9.728912679072422520e+01,7.420074763924797878e+01,1.445910787389840380e+01
1.002019089872583493e+02,6.853156271770795627e+01,1.445910787389840380e+01
9.908100230949557385e+01,6.259558887075215949e+01,1.445910787389840380e+01
1.099523745548477507e+02,6.194267732236278334e+01,1.422594406975859727e+01
1.007442984337832428e+02,6.567418284494856096e+01,1.422594406975859727e+01
8.861667164743361980e+01,7.204517532255155743e+01,1.422594406975859727e+01
1.020691656240062741e+02,7.370453165768283554e+01,1.422594406975859727e+01
1.158113768319346946e+02,7.668439967490864717e+01,1.422594406975859727e+01
1.175655860230872634e+02,7.135725522347470928e+01,1.422594406975859727e+01
1.074820115329010122e+02,6.268747249900982865e+01,1.422594406975859727e+01
1.283235178603255804e+02,7.560809307186188732e+01,1.422594406975859727e+01
1.150081549829190664e+02,7.577553494399784029e+01,1.422594406975859727e+01
1.073528759426026511e+02,6.556447085573240940e+01,1.422594406975859727e+01
1.155467289629555836e+02,6.924360026900806986e+01,1.422594406975859727e+01
1.194670604177360218e+02,6.533642758230875813e+01,1.380722585789244761e+01
9.653833528015483978e+01,6.679114867252233978e+01,1.380722585789244761e+01
1.014158051579816231e+02,6.674015167424664696e+01,1.333782936490216287e+01
9.717822520542070208e+01,6.475906058416987321e+01,1.333606902254580007e+01
1.019193446555215559e+02,6.011160542224350678e+01,1.326391152631998693e+01
1.111985397857015414e+02,6.960901371219814848e+01,1.326391152631998693e+01
1.139773840794211992e+02,7.046795238093649516e+01,1.326391152631998693e+01
1.197797682866796265e+02,6.891482718454403766e+01,1.326391152631998693e+01
1.173252954723722894e+02,6.300672524650919115e+01,1.326391152631998693e+01
1.146307900240557984e+02,7.390629544682703056e+01,1.326391152631998693e+01
1.024570602176119110e+02,6.855742943021382985e+01,1.326391152631998693e+01
1.002482035699215146e+02,6.123692410912808270e+01,1.321376587065358876e+01
1.147842295170244569e+02,5.574996248480029237e+01,1.321376587065358876e+01
9.607026732683416981e+01,6.943281585468088224e+01,1.321376587065358876e+01
1.143561524679713273e+02,6.539028263978616451e+01,1.321376587065358876e+01
1.160826072551002426e+02,6.449571905675786354e+01,1.321376587065358876e+01
1.205253085434741536e+02,6.332690447027532343e+01,1.321376587065358876e+01
9.798776458264956091e+01,6.976773986025291663e+01,1.321376587065358876e+01
9.574769450508406976e+01,6.194181197988100962e+01,1.314483595751835310e+01
9.273278731952821374e+01,6.430915351215141129e+01,1.314483595751835310e+01
1.027446437751668498e+02,5.944849021034914216e+01,1.314483595751835310e+01
1.177459885975093528e+02,6.326127250552163872e+01,1.314483595751835310e+01
1.081420974921114464e+02,6.168189147425688645e+01,1.314483595751835310e+01
1.077741189934506139e+02,6.306358322167634611e+01,1.306809782847248869e+01
9.377838402485140534e+01,6.711246746667296748e+01,1.306809782847248869e+01
1.113567246757117175e+02,6.909910221290071775e+01,1.298086808745360088e+01
9.141689338449263857e+01,6.907333406121013297e+01,1.298086808745360088e+01
1.173418505772393985e+02,7.203566172458319272e+01,1.298086808745360088e+01
1.156308291827021577e+02,7.926844885807939534e+01,1.298086808745360088e+01
1.138052770818817407e+02,7.602422947111440976e+01,1.298086808745360088e+01
9.053910225444408866e+01,6.902995825538809527e+01,1.298086808745360088e+01
1.008195889364118187e+02,5.943315014715253142e+01,1.298086808745360088e+01
1.011060757786669058e+02,6.335921696900979327e+01,1.298086808745360088e+01
1.025496914857936588e+02,6.572740265810764981e+01,1.298086808745360088e+01
8.100338333363795584e+01,6.372236182880967448e+01,1.298086808745360088e+01
1.024608123828236046e+02,6.700072026380341583e+01,1.298086808745360088e+01
1.123040637418478553e+02,6.166270701917370189e+01,1.298086808745360088e+01
9.123890660352299165e+01,6.623901344799169522e+01,1.298086808745360088e+01
1.098016129527861295e+02,6.345998775251420909e+01,1.298086808745360088e+01
1.138203337628452090e+02,6.990057062117637088e+01,1.298086808745360088e+01
9.303280503711133065e+01,6.438886942200083752e+01,1.297582552064977790e+01
1.221512540612807953e+02,6.257665797971314703e+01,1.297582552064977790e+01
1.177881349774222883e+02,6.149309151588735745e+01,1.297582552064977790e+01
1.008560753480077494e+02,6.683417379088847099e+01,1.297582552064977790e+01
1.095456360347052112e+02,6.975171986682595104e+01,1.297582552064977790e+01
1.032781408009091990e+02,6.003128814227025600e+01,1.297582552064977790e+01
1.201672833938516334e+02,6.499002427605705634e+01,1.297582552064977790e+01
9.633712985766484849e+01,6.804998917404492431e+01,1.297582552064977790e+01
1.056292765982454114e+02,5.959974428189522655e+01,1.297582552064977790e+01
1.079594626534505579e+02,5.911170598319163361e+01,1.297582552064977790e+01
9.568126510747451618e+01,6.607909808607831792e+01,1.292267588617762897e+01
9.869068199313798573e+01,6.338160839343404973e+01,1.292267588617762897e+01
1.104790863781755235e+02,6.269397542733569395e+01,1.270453273302442199e+01
1.153337347053939936e+02,6.007870601588358994e+01,1.270453273302442199e+01
1.003639148476586342e+02,5.705784305251134469e+01,1.270453273302442199e+01
9.845368754707088499e+01,6.232323302321761815e+01,1.270453273302442199e+01
1.027250962888093255e+02,6.359268247574730992e+01,1.270453273302442199e+01
1.207638871352592105e+02,7.046621407242206203e+01,1.270453273302442199e+01
1.113041184308317924e+02,7.168616940218552713e+01,1.270453273302442199e+01
1.127210023236735879e+02,6.256233233750535305e+01,1.270453273302442199e+01
1.119471688389216553e+02,6.414262379741816744e+01,1.269967949828570397e+01
1.162385901446393035e+02,6.703097196225989762e+01,1.269967949828570397e+01
8.896283981142953223e+01,6.438836056599841129e+01,1.269967949828570397e+01
1.210097999557961685e+02,7.971082179120287492e+01,1.265348720457049581e+01
1.151192967831582763e+02,7.315169894614794543e+01,1.265348720457049581e+01
1.014985717954079973e+02,6.180057009597303619e+01,1.265348720457049581e+01
8.603366943778146947e+01,6.780205232007354255e+01,1.265348720457049581e+01
9.289177319879709671e+01,6.929658876934982459e+01,1.265348720457049581e+01
1.232853260180128530e+02,7.291636256082632883e+01,1.265348720457049581e+01
1.039613047696188488e+02,7.025576385384059108e+01,1.265348720457049581e+01
1.136371829935364985e+02,5.927184560429030569e+01,1.265348720457049581e+01
9.760247810529025969e+01,7.308508706566446733e+01,1.265348720457049581e+01
1.030479420551627783e+02,7.009984942364586402e+01,1.265348720457049581e+01
1.119661505497114433e+02,7.352605335576468804e+01,1.265348720457049581e+01
1.127046280507573499e+02,5.740921905957642224e+01,1.265348720457049581e+01
9.284881308797812949e+01,7.007863498671915181e+01,1.265348720457049581e+01
1.312468165280446897e+02,5.984086747990876631e+01,1.265348720457049581e+01
1.214500046795010633e+02,5.347166621109969498e+01,1.265348720457049581e+01
1.238937452139899023e+02,6.175357045333302608e+01,1.265348720457049581e+01
1.161875386081034804e+02,6.442286355162426048e+01,1.263899201725762111e+01
1.132504719463883305e+02,6.344545154236784157e+01,1.263899201725762111e+01
1.082291994143373870e+02,5.778328443782702806e+01,1.263899201725762111e+01
1.213549025581497460e+02,5.175422307350021356e+01,1.263899201725762111e+01
1.225526509769820223e+02,5.099087981599858210e+01,1.263899201725762111e+01
1.182338466385993314e+02,6.445071950866146437e+01,1.263899201725762111e+01
1.173892964426578800e+02,5.900331849907286852e+01,1.263899201725762111e+01
1.391806214382937981e+02,5.770967312886547518e+01,1.263899201725762111e+01
1.019355791875608332e+02,5.975215568372690456e+01,1.263899201725762111e+01
1.147354672172570673e+02,7.512342840983689030e+01,1.263899201725762111e+01
8.629442957675239256e+01,7.152035197658842947e+01,1.260077819655134590e+01
8.852912255038799572e+01,7.091340387577075433e+01,1.260077819655134590e+01
1.224473462347203139e+02,6.943149153890524872e+01,1.260077819655134590e+01
1.303516926237518874e+02,6.541508739457385957e+01,1.260077819655134590e+01
8.190700821225493655e+01,6.957038577932623014e+01,1.257751651348856115e+01
1.223654320092344534e+02,6.927598181752229323e+01,1.257751651348856115e+01
1.077109789563048281e+02,7.186203032757471476e+01,1.257751651348856115e+01
9.020663962111635215e+01,7.499338354908421422e+01,1.257751651348856115e+01
9.071752679505220840e+01,7.423608368619177611e+01,1.257751651348856115e+01
7.793011787980741190e+01,6.451946493358995838e+01,1.257751651348856115e+01
9.296125787423031284e+01,6.381398327914143209e+01,1.257751651348856115e+01
9.372426521885839179e+01,6.801524506195531217e+01,1.255273856151710277e+01
1.193089471687630123e+02,6.997978895828852330e+01,1.255273856151710277e+01
1.135275298751477777e+02,5.541367246033202321e+01,1.255273856151710277e+01
1.274027157262070205e+02,6.292394161455850110e+01,1.255273856151710277e+01
1.080435724901444274e+02,7.576278364851695812e+01,1.255273856151710277e+01
8.588418595894556518e+01,7.250917725109661660e+01,1.255273856151710277e+01
1.131074990844405903e+02,7.538342885929684201e+01,1.255273856151710277e+01
9.634575525292680709e+01,5.500744129160123919e+01,1.255273856151710277e+01
8.618075286266473256e+01,6.262462458700281331e+01,1.255273856151710277e+01
8.357352462117819414e+01,6.801969675753606737e+01,1.255273856151710277e+01
8.031885778196703995e+01,6.692349421612200899e+01,1.255273856151710277e+01
9.486571769406006638e+01,7.216936706073978769e+01,1.255273856151710277e+01
1.069196572629570738e+02,7.450841294262259851e+01,1.255273856151710277e+01
1.285372576316766811e+02,5.571897635812767646e+01,1.255273856151710277e+01
9.673012174245445749e+01,6.157063183477666968e+01,1.255273856151710277e+01
9.706412814962428115e+01,7.259777989664814868e+01,1.022905048903234615e+01
9.160128020959302830e+01,6.492786196136681554e+01,1.022905048903234615e+01
8.465122675724062162e+01,6.524161730760495459e+01,1.022905048903234615e+01
1.137378412177283735e+02,6.708984002597209440e+01,1.022905048903234615e+01
1.255929180576596593e+02,6.804632679255705341e+01,1.022905048903234615e+01
9.758677235495937907e+01,6.930869106735539731e+01,1.022905048903234615e+01
9.680874346476498715e+01,7.632661144971223166e+01,1.022905048903234615e+01
8.849235181998599842e+01,7.575655695461058770e+01,1.022451988939496914e+01
9.425276051263365673e+01,7.777322756734105269e+01,1.016077930481607439e+01
8.965975802380904724e+01,6.852867575255507404e+01,1.016077930481607439e+01
8.444155939262870447e+01,7.190766429085340405e+01,1.016077930481607439e+01
9.704128505350884382e+01,6.888457125386179314e+01,1.016077930481607439e+01
1.065965190776289546e+02,7.881734578660257284e+01,1.016077930481607439e+01
1.052814290903785661e+02,7.093612697613043849e+01,1.016077930481607439e+01
1.166404075968825538e+02,6.225201892040948337e+01,1.016077930481607439e+01
9.330292513781212449e+01,6.467278105683372758e+01,1.016077930481607439e+01
9.999327859903671367e+01,7.593531713071654110e+01,1.016077930481607439e+01
9.980126320856338396e+01,7.442227191089540383e+01,1.016077930481607439e+01
1.111014977478568824e+02,7.957096183371197640e+01,1.016077930481607439e+01
8.535736661535213443e+01,6.919566834657383936e+01,1.016077930481607439e+01
1.089111345196536149e+02,6.772797675087164748e+01,1.016077930481607439e+01
8.859485350530715664e+01,6.392999184770553711e+01,9.967708342884989747e+00
8.255509404451373712e+01,6.558215271683606318e+01,9.967708342884989747e+00
9.457559896876598771e+01,7.513737468198149827e+01,9.967708342884989747e+00
8.358755339911226656e+01,7.126790757646958241e+01,9.967708342884989747e+00
1.016061083084156564e+02,7.605436365090044148e+01,9.967708342884989747e+00
8.934538092099212747e+01,7.328406455886464244e+01,9.967708342884989747e+00
8.406316755824748554e+01,7.137238702470139629e+01,9.967708342884989747e+00
9.005544940035994728e+01,7.157932882497264870e+01,9.967708342884989747e+00
7.905947034669557638e+01,6.453653220348951436e+01,9.967708342884989747e+00
1.252839052076668338e+02,6.826809734368964655e+01,9.967708342884989747e+00
1.035440271438075399e+02,7.071781931542732025e+01,9.967708342884989747e+00
1.010090077726175366e+02,7.860856277706714934e+01,9.967708342884989747e+00
1.041993296141287857e+02,7.497856407207457607e+01,9.967708342884989747e+00
7.771199432915348382e+01,6.835127318718902245e+01,9.967708342884989747e+00
9.942945926026655457e+01,6.448165240239343632e+01,9.967708342884989747e+00
1.113205962118707930e+02,6.120292643856076609e+01,9.967708342884989747e+00
9.743991533567213992e+01,5.338800507144272700e+01,9.967708342884989747e+00
9.362836137814883841e+01,6.658291454247950014e+01,9.955300611626825003e+00
9.537653511906698611e+01,7.680716332600354690e+01,9.955300611626825003e+00
1.025166418846674503e+02,7.281873268815446920e+01,9.908760123915271834e+00
9.234680333766205251e+01,6.740697810549328040e+01,9.908760123915271834e+00
1.055721406654992762e+02,7.324996721544077616e+01,9.908760123915271834e+00
9.929615441247469221e+01,7.314971922789329994e+01,9.908760123915271834e+00
9.936706901330320818e+01,7.388456098859204246e+01,9.908760123915271834e+00
9.996782847436169561e+01,6.526371784862394065e+01,9.908760123915271834e+00
9.927592737729504790e+01,6.839595479785293719e+01,9.908760123915271834e+00
1.099097805716580041e+02,6.433735133539433093e+01,9.908760123915271834e+00
1.027324222921228056e+02,6.413906251248567969e+01,9.908760123915271834e+00
8.683613347221570677e+01,6.999957328321070804e+01,9.891359182279884976e+00
9.588068751981141702e+01,7.346443417804884746e+01,9.891359182279884976e+00
1.011297649127920266e+02,6.490199770997001849e+01,9.891359182279884976e+00
9.750725230135401489e+01,7.058605330205287487e+01,9.891359182279884976e+00
8.889018749530282548e+01,6.996893354491047035e+01,9.891359182279884976e+00
9.250611285292711727e+01,6.966821385012096357e+01,9.891359182279884976e+00
9.282540314854819030e+01,6.830021381437224193e+01,9.891359182279884976e+00
8.470531343341296804e+01,7.447309781895894787e+01,9.884674741050702096e+00
9.820692713437253474e+01,7.222238195869175570e+01,9.884674741050702096e+00
1.041123984920772330e+02,6.556898841066227135e+01,9.884674741050702096e+00
9.725481554262576367e+01,6.977533115274250974e+01,9.884674741050702096e+00
1.029806639286957051e+02,7.085065149001387397e+01,9.884674741050702096e+00
8.909119833803211463e+01,6.793057699110885039e+01,9.884674741050702096e+00
1.200199235431443014e+02,6.730333557855537663e+01,9.884674741050702096e+00
1.128895545292421474e+02,7.213329632331915775e+01,9.884674741050702096e+00
1.209465128577456881e+02,6.525399621459797572e+01,9.884674741050702096e+00
9.011739462201501283e+01,6.999953445493389381e+01,9.839118143217987722e+00
8.950557042483525549e+01,6.582167457776652952e+01,9.839118143217987722e+00
9.759758844461821070e+01,7.102770172384882130e+01,9.839118143217987722e+00
8.358695959606428971e+01,6.654194203303377719e+01,9.839118143217987722e+00
9.022481959937849183e+01,6.962293411476619553e+01,9.839118143217987722e+00
1.135391987252910866e+02,6.158255352485018363e+01,9.839118143217987722e+00
1.110523380280174024e+02,7.088682764243917234e+01,9.839118143217987722e+00
8.831836771321400192e+01,7.193377954310582822e+01,9.839118143217987722e+00
1.155028364856315903e+02,7.466402656834762297e+01,9.839118143217987722e+00
1.084470719827393879e+02,6.723933114585773296e+01,9.839118143217987722e+00
1.094648993861036388e+02,6.841894160272870806e+01,9.839118143217987722e+00
1.235850006110526067e+02,7.678528908048828328e+01,9.839118143217987722e+00
1.179466459216452705e+02,7.496694361280798091e+01,9.839118143217987722e+00
1.083710161810223553e+02,7.880810978462324101e+01,9.839118143217987722e+00
9.265431531659196196e+01,6.964296963517988104e+01,9.839118143217987722e+00
1.017392258398645879e+02,7.658692784217264204e+01,9.839118143217987722e+00
8.131947832708299018e+01,6.961301825091341300e+01,9.839118143217987722e+00
9.079897000133921381e+01,7.345246648301569792e+01,9.839118143217987722e+00
1.038629447733466549e+02,7.093802300386126092e+01,9.311266916459999265e+00
7.824732474630459933e+01,7.009150267252941546e+01,9.311266916459999265e+00
9.533313819193067218e+01,7.259440563295855497e+01,9.311266916459999265e+00
9.505228879982654178e+01,7.278887134896783095e+01,9.311266916459999265e+00
1.097978908088747687e+02,7.169116641407286750e+01,9.311266916459999265e+00
8.671122696800530605e+01,6.892039618966411751e+01,9.311266916459999265e+00
8.837050953485352522e+01,6.253542341586000930e+01,9.311266916459999265e+00
8.864897909149856048e+01,7.287961565830175914e+01,9.311266916459999265e+00
8.246130596305229687e+01,6.988729198763810757e+01,9.311266916459999265e+00
1.125056966731131070e+02,8.020164949470844817e+01,9.311266916459999265e+00
1.032217571516328434e+02,7.584813751001256321e+01,9.311266916459999265e+00
1.215781704467153332e+02,7.362140278859928344e+01,9.311266916459999265e+00
8.918178424334247723e+01,6.657957139739525587e+01,9.272654014788471954e+00
8.585493240187265940e+01,7.233520516710117931e+01,9.272654014788471954e+00
1.019746216302039556e+02,7.769251324677745174e+01,9.272654014788471954e+00
1.017525506732826130e+02,7.033011987921238983e+01,9.272654014788471954e+00
9.974688402625378103e+01,6.098648456345257074e+01,9.272654014788471954e+00
8.812080288344864698e+01,7.177718166518887699e+01,9.272654014788471954e+00
9.075672285422874097e+01,7.074199301181712940e+01,9.272654014788471954e+00
1.031099986147120546e+02,7.199759446076441805e+01,9.272654014788471954e+00
1.071069056361848482e+02,6.152094121612753952e+01,9.272654014788471954e+00
1.026679805715724996e+02,7.318082149904446965e+01,9.271591252154365748e+00
1.023259554492620111e+02,6.256720942094653992e+01,9.161664279867082428e+00
1.045482630234404979e+02,7.460875666719036303e+01,8.877837175999161445e+00
9.579557136250494409e+01,7.161812746497929538e+01,8.877837175999161445e+00
8.755577945583863197e+01,6.802671703263131064e+01,8.877837175999161445e+00
1.072104896140461250e+02,8.187385360941020451e+01,8.877837175999161445e+00
9.322742952144116657e+01,7.637338447354888160e+01,8.877837175999161445e+00
8.665271355519791996e+01,7.693712256217513357e+01,8.877837175999161445e+00
7.665668176626410002e+01,6.879195334377483562e+01,8.877837175999161445e+00
9.152842378325610184e+01,7.145031923416374298e+01,8.877837175999161445e+00
1.036400487160985051e+02,7.566929791839670827e+01,8.877837175999161445e+00
9.376862541570105236e+01,7.924080680528182086e+01,8.877837175999161445e+00
9.946938650493784451e+01,8.097522019401272075e+01,8.876189632455634637e+00
8.462025601589047596e+01,6.732939918584357031e+01,8.856831533551513758e+00
1.156692126945127228e+02,6.131890963691962071e+01,8.856831533551513758e+00
1.056391435650431987e+02,7.005944761452040837e+01,8.856831533551513758e+00
1.026094639454745021e+02,6.267553810926477809e+01,8.856831533551513758e+00
1.043153362998480134e+02,6.654705298689259507e+01,8.842350298423468757e+00
1.062712950750265861e+02,5.983134756287171285e+01,8.842350298423468757e+00
1.143255661904923244e+02,6.894363896315928741e+01,8.842350298423468757e+00
1.428151152381649922e+02,7.465215315682398511e+01,8.842350298423468757e+00
9.870271018772452010e+01,6.990581734707447481e+01,8.064356536610816306e+00
7.411349434031718886e+01,7.253709863778564682e+01,8.064356536610816306e+00
9.576017811807059843e+01,6.705617737817630086e+01,8.064356536610816306e+00
1.009099737771848027e+02,7.358161695098546318e+01,8.064356536610816306e+00
1.010717074394493267e+02,7.303984142291312764e+01,8.064356536610816306e+00
9.733763925705508768e+01,7.114910372942851779e+01,8.064356536610816306e+00
1.068145399713956749e+02,7.376251141131646705e+01,7.995835978950282197e+00
8.694404203108699392e+01,6.747892202733048350e+01,7.995835978950282197e+00
1.114284275599291050e+02,7.823178327011541455e+01,7.995835978950282197e+00
1.063040206098791742e+02,7.226400987712574420e+01,7.995835978950282197e+00
1.335330978206890506e+02,7.316325884472544772e+01,7.995835978950282197e+00
1.024358375931508078e+02,7.892753527649729506e+01,7.995835978950282197e+00
8.255721655573736939e+01,8.101987431710837484e+01,7.995835978950282197e+00
1.121951816576378889e+02,7.398870838248565462e+01,7.995835978950282197e+00
9.117615576186189230e+01,7.199831556784943132e+01,7.995835978950282197e+00
9.834053290274380288e+01,7.342173145980966353e+01,7.995835978950282197e+00
1.001263027086746149e+02,7.283153242641326131e+01,7.995835978950282197e+00
8.277725834385702797e+01,7.746220640855428030e+01,7.995835978950282197e+00
9.306286069668458083e+01,7.230123678055669245e+01,7.995835978950282197e+00
9.533363169517136271e+01,6.961854089235541210e+01,7.995835978950282197e+00
1.211123978688869585e+02,7.691380617440073308e+01,7.995835978950282197e+00
1.029125898057740471e+02,8.470955504690773807e+01,7.995835978950282197e+00
9.474037286160698557e+01,7.938465264548619871e+01,7.995835978950282197e+00
1.097388275688493167e+02,8.244192939267132658e+01,7.995835978950282197e+00
1.107899292489308181e+02,7.898427893074155293e+01,7.995835978950282197e+00
7.335741655409472628e+01,7.247308274074995893e+01,7.995835978950282197e+00
8.950635080645797359e+01,7.722868255428711848e+01,7.995247292862600830e+00
9.897644497606816572e+01,7.560417170304627632e+01,7.995247292862600830e+00
1.081656724549687141e+02,7.428208186405788638e+01,7.995247292862600830e+00
1.346028031222955690e+02,6.536698047366166975e+01,7.995247292862600830e+00
1.152259171041274897e+02,5.848635051777056759e+01,7.995247292862600830e+00
1.194527393551324792e+02,6.777397568807732853e+01,7.929306308911336032e+00
1.067040650814273874e+02,8.484220177993590539e+01,7.929306308911336032e+00
1.072061762043384334e+02,8.311132035251020511e+01,7.876812941816226044e+00
1.072916899167915119e+02,7.337626476477852577e+01,7.876812941816226044e+00
8.508450815247485366e+01,7.210233613772462036e+01,7.658036524719918248e+00
8.006546715408430259e+01,7.100904028947522306e+01,7.658036524719918248e+00
9.667632510389381650e+01,7.164579164512804255e+01,7.658036524719918248e+00
1.027709325984540101e+02,6.851120732359945009e+01,7.658036524719918248e+00
1.012956061173602365e+02,7.465149999620408039e+01,7.441135184418186554e+00
1.027505777257158570e+02,7.455444314731292366e+01,7.441135184418186554e+00
1.040816829776725854e+02,7.774954112801917461e+01,7.441135184418186554e+00
1.158137588668605957e+02,7.133562963185846684e+01,7.441135184418186554e+00
9.603012162118177741e+01,8.151036071025281160e+01,7.441135184418186554e+00
9.982153991451812658e+01,7.876305758029864990e+01,7.441135184418186554e+00
7.651703914468856738e+01,6.957311739470141276e+01,7.418706260562245802e+00
1.006750131171795601e+02,7.972204561401628098e+01,7.418706260562245802e+00
1.031266623805803704e+02,7.521293824594641819e+01,7.418706260562245802e+00
1.021953427132617378e+02,7.867458993174102488e+01,7.418706260562245802e+00
8.926834350170162224e+01,7.542263521939926818e+01,7.418706260562245802e+00
1.138081850907654768e+02,7.781346192717471411e+01,7.418706260562245802e+00
1.048551487822420114e+02,6.910482351814287938e+01,7.418706260562245802e+00
9.352623835179380762e+01,7.179406075510189567e+01,7.418706260562245802e+00
8.289655564979057090e+01,6.438060592231603607e+01,7.418706260562245802e+00
1.027433784744726211e+02,7.860056192203155945e+01,7.418706260562245802e+00
9.018102809369983675e+01,8.207469515812310590e+01,7.418706260562245802e+00
1.116705414860898600e+02,7.726571727872004658e+01,7.418706260562245802e+00
9.313087763684312392e+01,7.905295603364308477e+01,7.418706260562245802e+00
9.618675919320537560e+01,7.518201482216699105e+01,7.418468855818318275e+00
8.574847902156133728e+01,7.563986197760407038e+01,7.308590842625690698e+00
8.629032151061434774e+01,7.589910456152607310e+01,7.308590842625690698e+00
7.902528325198339587e+01,7.606886105888587224e+01,7.308590842625690698e+00
9.403670803979446191e+01,8.127640954991974809e+01,7.308590842625690698e+00
9.370919934579386279e+01,7.602843439001334502e+01,7.308590842625690698e+00
1.178506962541170822e+02,6.576979820540591959e+01,7.308590842625690698e+00
8.949096690547494859e+01,6.554078053876260412e+01,7.308590842625690698e+00
9.936443779902272411e+01,8.044230799822433653e+01,7.308590842625690698e+00
7.379211949352409761e+01,7.588796904320014391e+01,7.308590842625690698e+00
8.625557512087972611e+01,7.870394046279439237e+01,7.308590842625690698e+00
9.627280747676658734e+01,7.492044785255437489e+01,7.308590842625690698e+00
8.149829397199410153e+01,7.461487788544964417e+01,7.308590842625690698e+00
1.023392208535683778e+02,7.593852824411617064e+01,7.308590842625690698e+00
1.082150204558865170e+02,6.453687835195232481e+01,7.308590842625690698e+00
1.033246002479748284e+02,7.227296480810497314e+01,7.215902799362282849e+00
9.889668901705212534e+01,7.500814339102383599e+01,7.215902799362282849e+00
9.810720744496764212e+01,7.600898625135918962e+01,7.215902799362282849e+00
1.007464232735856910e+02,7.691572054646771051e+01,7.215902799362282849e+00
1.006708675475197623e+02,7.732366965912270018e+01,7.215902799362282849e+00
8.140693933108255465e+01,7.361578741054316311e+01,7.215902799362282849e+00
1.049570902902227090e+02,7.325389955054022550e+01,7.215902799362282849e+00
9.106145232943181611e+01,7.521357972569437322e+01,7.215902799362282849e+00
9.952870936776621136e+01,8.142254744409449074e+01,7.215902799362282849e+00
1.010459430442646749e+02,7.642494432755653122e+01,7.215902799362282849e+00
1.024655950554087696e+02,7.675580496249169471e+01,7.215902799362282849e+00
1.041701966746735906e+02,7.527039386007707833e+01,7.215902799362282849e+00
1.032798218158983872e+02,7.944497578387984049e+01,7.215902799362282849e+00
1.039126751501194548e+02,7.718983648694950261e+01,7.215902799362282849e+00
1.000540651013411662e+02,7.679170552271217787e+01,7.215902799362282849e+00
1.112010161977944165e+02,7.491219353594179609e+01,7.215902799362282849e+00
9.910220373090949408e+01,8.648660567362293250e+01,7.215902799362282849e+00
9.604899726102694046e+01,7.937814311329691463e+01,7.215902799362282849e+00
9.816917414818439624e+01,7.162210894002960515e+01,7.215902799362282849e+00
1.051934193742248880e+02,7.402452892967265541e+01,7.215902799362282849e+00
1.109251124721058659e+02,7.108625832215668083e+01,7.215902799362282849e+00
9.759854953895839458e+01,8.294158554767615499e+01,7.215902799362282849e+00
9.840079437449807642e+01,8.429210707539620273e+01,7.200383895398402956e+00
9.430128339278948602e+01,7.577204407057602964e+01,7.200383895398402956e+00
1.059267583780839459e+02,8.590503918529061878e+01,7.200383895398402956e+00
8.983844523487047695e+01,7.505975915425838707e+01,6.679976869166239339e+00
1.174190062468619260e+02,8.512587581980930906e+01,6.679976869166239339e+00
9.762569545775231461e+01,7.478169592984639280e+01,6.679976869166239339e+00
9.768727242065794769e+01,7.855064338209653840e+01,6.679976869166239339e+00
1.126433702044865157e+02,7.716843136098184175e+01,6.679976869166239339e+00
9.462418968095815330e+01,8.015764002674423239e+01,6.679976869166239339e+00
1.222841256124265783e+02,9.379541222532080269e+01,6.679976869166239339e+00
1.107764685928355846e+02,8.581296522795102533e+01,6.679976869166239339e+00
8.854539671540865697e+01,7.804801758910461729e+01,6.679976869166239339e+00
9.556939664991406858e+01,7.750855840058268598e+01,6.679976869166239339e+00
1.050337188482550062e+02,8.274883633877921341e+01,6.679976869166239339e+00
8.062321685284712203e+01,8.056118632193370388e+01,6.679976869166239339e+00
9.148172937730227261e+01,8.529936595373263231e+01,6.679976869166239339e+00
9.544445759051176026e+01,7.655458575511245556e+01,6.679976869166239339e+00
7.303220711959798450e+01,7.981433405779230839e+01,6.679976869166239339e+00
9.071436564229307464e+01,8.380645425577944252e+01,6.679976869166239339e+00
8.272261708134018932e+01,7.428218265853779201e+01,6.679976869166239339e+00
8.619428270707116724e+01,7.555958735021513917e+01,6.679976869166239339e+00
9.308725682978302984e+01,8.485302533246905909e+01,6.679976869166239339e+00
1.023146484657515742e+02,8.007961030377647660e+01,6.679976869166239339e+00
9.657285817040360598e+01,6.896496688733790847e+01,6.679550103662137417e+00
8.840654139332021089e+01,7.675142435406786490e+01,6.679550103662137417e+00
1.057160007491379901e+02,8.569454352286838628e+01,6.679550103662137417e+00
1.027590428304698946e+02,8.050612860247481706e+01,6.679550103662137417e+00
9.781444348026730040e+01,8.272481457517528725e+01,6.679550103662137417e+00
9.748980750948427954e+01,7.791938327402371556e+01,6.679550103662137417e+00
8.700785266579858046e+01,8.158519569113310865e+01,6.679550103662137417e+00
8.689198122516461353e+01,7.964467762885135471e+01,6.679550103662137417e+00
9.122630783044940017e+01,7.333268081268656147e+01,6.679550103662137417e+00
9.434036142062157637e+01,8.386320715634110456e+01,6.679550103662137417e+00
8.275471275563275242e+01,7.910438294476013255e+01,6.679550103662137417e+00
9.041388003091761050e+01,7.769444237995422498e+01,6.679550103662137417e+00
9.425615431764478558e+01,8.039964056989791175e+01,6.679550103662137417e+00
1.001889236567078143e+02,8.102062602838569205e+01,6.679550103662137417e+00
9.054391664606171730e+01,8.201246095952041060e+01,6.679550103662137417e+00
1.012070332886518713e+02,8.284177884200654773e+01,6.679129791028429963e+00
8.206525825512400729e+01,8.311563760096863973e+01,6.679129791028429963e+00
1.175658115914178126e+02,7.834663635001406590e+01,6.679129791028429963e+00
8.946646121463170687e+01,8.224447703349882488e+01,6.679129791028429963e+00
9.703943198379525370e+01,8.319399894730324263e+01,6.679129791028429963e+00
9.145074902120705929e+01,8.131601945482650251e+01,6.679129791028429963e+00
1.120147998057641843e+02,7.854834628851412504e+01,6.679129791028429963e+00
1.152687496877875901e+02,6.417970340374169780e+01,6.679129791028429963e+00
1.066917798167328328e+02,6.428633838446505422e+01,6.679129791028429963e+00
1.250653102733074746e+02,7.012082613726258273e+01,6.679129791028429963e+00
1.159739192206876908e+02,7.837248357918147690e+01,6.106237127064019887e+00
1.157039839500647815e+02,9.018344181693228734e+01,6.106237127064019887e+00
9.383000439483853938e+01,7.960509030198554115e+01,6.106237127064019887e+00
1.143625784252021731e+02,8.496147721464565450e+01,6.106237127064019887e+00
1.168455512038600830e+02,8.174085025852643582e+01,6.106237127064019887e+00
1.282605962709942844e+02,8.766306504222056617e+01,6.105803325782204638e+00
1.250953111534132205e+02,8.579324908589823906e+01,6.105803325782204638e+00
1.005568975221447090e+02,8.294469687695686844e+01,6.105770369151329646e+00
1.095129457623731639e+02,8.486385204516292902e+01,6.105770369151329646e+00
1.195138596743414894e+02,7.215815622164143406e+01,6.105770369151329646e+00
1.077008587273436717e+02,8.475487454532895981e+01,6.105770369151329646e+00
1.197479188175980198e+02,7.755294957027713565e+01,6.105412423826777513e+00
9.455355270922163413e+01,8.379211888196844882e+01,6.105412423826777513e+00
1.152352535365233024e+02,7.651889015578876752e+01,6.105412423826777513e+00
7.835252094481681695e+01,7.719041920555815750e+01,6.105412423826777513e+00
8.667564957588909635e+01,7.258116433894163322e+01,6.105412423826777513e+00
7.946720567217047915e+01,6.967464997214352707e+01,6.105316797756984215e+00
1.111418540734654954e+02,8.090553630006522212e+01,6.105316797756984215e+00
9.784115183585970499e+01,7.738267517665696005e+01,6.105316797756984215e+00
9.611172651504099917e+01,7.506640234643720078e+01,6.105316797756984215e+00
1.003339554651425232e+02,7.394056197889108262e+01,6.105316797756984215e+00
8.303590219025893759e+01,8.237982030229485986e+01,6.105316797756984215e+00
9.641349175620874234e+01,8.672542499529912163e+01,6.105316797756984215e+00
8.876647852149523032e+01,8.397169354298567612e+01,6.105316797756984215e+00
7.829339221352731215e+01,7.803460367798416542e+01,6.105316797756984215e+00
1.202857398079939202e+02,7.911472817782139089e+01,6.105316797756984215e+00
1.174718441892007377e+02,7.925981939789355124e+01,6.105316797756984215e+00
1.263377381359516249e+02,7.759422780330538671e+01,6.105316797756984215e+00
1.045366095076709314e+02,7.476051856196612277e+01,6.105316797756984215e+00
1.113687664015896672e+02,7.525496604454831129e+01,6.105316797756984215e+00
8.279360301999797400e+01,7.338764699703536110e+01,6.105316797756984215e+00
8.447382590271180902e+01,7.527682355164749595e+01,6.105316797756984215e+00
9.441508892581609302e+01,8.431519466109619998e+01,6.105191663141269487e+00
9.944710162623974270e+01,8.300877492912898958e+01,6.104322005085734304e+00
8.802250525528685898e+01,8.246100483983030927e+01,6.104322005085734304e+00
7.587019000910041200e+01,8.060297148987507398e+01,6.104322005085734304e+00
9.703362637220334364e+01,8.151494846483299739e+01,6.104322005085734304e+00
1.023970015128118831e+02,8.018869690102688708e+01,6.104322005085734304e+00
8.459366278075067669e+01,7.900129441506727801e+01,6.104322005085734304e+00
8.380899917900902096e+01,7.796602269731238266e+01,6.104322005085734304e+00
9.021494800307655737e+01,7.723353084003674951e+01,6.091066630769930157e+00
9.624956086789809717e+01,7.957192290498731779e+01,6.091066630769930157e+00
7.796850864415881688e+01,7.612536018874629917e+01,6.091066630769930157e+00
1.035866628872648079e+02,8.437930321012608204e+01,6.091066630769930157e+00
7.669120729480066245e+01,7.718433382380166563e+01,6.091066630769930157e+00
9.684706816565505960e+01,8.609594826130964407e+01,6.091066630769930157e+00
9.324906333206065767e+01,7.831541291797101678e+01,6.091066630769930157e+00
1.095027043314442210e+02,7.612205366042658738e+01,6.091066630769930157e+00
9.006190957084473325e+01,8.507101939260627432e+01,6.091066630769930157e+00
8.866369847801418302e+01,8.764860952414821327e+01,6.091066630769930157e+00
8.829958252969977650e+01,7.936775178762746918e+01,6.091066630769930157e+00
8.565036874314247939e+01,7.317370339708126892e+01,6.091066630769930157e+00
8.718780601146899301e+01,8.270114397081724178e+01,6.091066630769930157e+00
9.597272925505210139e+01,8.569138084998965610e+01,6.091066630769930157e+00
1.021824720845209669e+02,8.228361901307413007e+01,6.091066630769930157e+00
8.987693440439977621e+01,8.014982940688159374e+01,6.089460352622808159e+00
7.887104819744519091e+01,7.778108370777331970e+01,6.089460352622808159e+00
7.982031876938289372e+01,8.061160965540534562e+01,6.089460352622808159e+00
1.089779486905373886e+02,8.359018822135033133e+01,6.034418214904675892e+00
9.337345896557221181e+01,8.699746629943260245e+01,6.034418214904675892e+00
9.540152903462255551e+01,8.128844508686820802e+01,6.034418214904675892e+00
8.607503147685206102e+01,7.755845512606344982e+01,6.034418214904675892e+00
9.481273879003367711e+01,8.974762127863839112e+01,6.034418214904675892e+00
9.810216938799570130e+01,8.427871223879697027e+01,5.798687623618761222e+00
1.032417018782950890e+02,7.971544275475278596e+01,5.798687623618761222e+00
8.527955326496228849e+01,8.712087635675231923e+01,5.798687623618761222e+00
8.727276696529722244e+01,7.855548778555285594e+01,5.798687623618761222e+00
9.796049605689968587e+01,7.480347861733089587e+01,5.798687623618761222e+00
1.178890067495447340e+02,8.179021336084085192e+01,5.798687623618761222e+00
7.819686829222986546e+01,8.023128516694112022e+01,5.798572005913939620e+00
8.761114537309906325e+01,7.905777644906811474e+01,5.783631692237619859e+00
8.244386711451403471e+01,8.045447456155783073e+01,5.783631692237619859e+00
9.143891417668173460e+01,8.683801423774056616e+01,5.783631692237619859e+00
8.632588740229903124e+01,8.087305351931904340e+01,5.783631692237619859e+00
9.789242232818155287e+01,8.083010430015461623e+01,5.783631692237619859e+00
8.358866974067488798e+01,8.030117929913031105e+01,5.354128398738978944e+00
1.047285100291035178e+02,8.769546442004285325e+01,5.354128398738978944e+00
8.773588055639136485e+01,7.754808297814540197e+01,5.354128398738978944e+00
1.309456256779170360e+02,8.229057464191606641e+01,5.354128398738978944e+00
1.113762199287794630e+02,8.557032103821599378e+01,5.354128398738978944e+00
8.463495480208294452e+01,8.264476932879955484e+01,5.354128398738978944e+00
9.893305982560153211e+01,8.396214330379500268e+01,5.354128398738978944e+00
9.732604259033580263e+01,8.200393371137373322e+01,5.354128398738978944e+00
1.020011239426455774e+02,8.568188084905858659e+01,5.354128398738978944e+00
9.406858134966289242e+01,8.559699056318173405e+01,5.242495155898822645e+00
9.210625593746894424e+01,8.762638715400404976e+01,5.242495155898822645e+00
8.127997599743858359e+01,8.608118928496521960e+01,5.242495155898822645e+00
8.893056354563756827e+01,8.458903582409564592e+01,5.242495155898822645e+00
1.088096705600905807e+02,8.197326054321723632e+01,5.242495155898822645e+00
1.110932199678667018e+02,7.924077159352758315e+01,5.242495155898822645e+00
9.467496805165853857e+01,9.344133024165621748e+01,5.237788928179895720e+00
1.015273127351055393e+02,8.015847372335377941e+01,5.237788928179895720e+00
9.216062307339700510e+01,8.370901487299296662e+01,5.237788928179895720e+00
1.034131025605633738e+02,8.411148060777009050e+01,5.237788928179895720e+00
1.072128162175864929e+02,8.223937508535118468e+01,5.237788928179895720e+00
1.104143357797271108e+02,7.382535418584024001e+01,5.237788928179895720e+00
1.035437646228058668e+02,8.462802200943308151e+01,5.237788928179895720e+00
1.089151100204145450e+02,8.017462201144739709e+01,5.237788928179895720e+00
7.116053808800518254e+01,7.805695221930456285e+01,5.237788928179895720e+00
9.713163467848362131e+01,9.031456987597854891e+01,5.235664957325127489e+00
1.010699774171910263e+02,8.726370289365856081e+01,5.235664957325127489e+00
8.782883497160591446e+01,8.548145122790474204e+01,5.214594542310010183e+00
7.624174191915963661e+01,8.024695780849711468e+01,5.214594542310010183e+00
9.978148322345811039e+01,8.449347633415295888e+01,5.214594542310010183e+00
9.602142918127204041e+01,8.850715836670504189e+01,5.214594542310010183e+00
8.444597345267126798e+01,8.403472370676303171e+01,5.214594542310010183e+00
1.083968484103073280e+02,7.978712821267355082e+01,5.214594542310010183e+00
1.211149952702417778e+02,8.305172872137613638e+01,5.214594542310010183e+00
1.239072049198890397e+02,8.227686770543087391e+01,5.214594542310010183e+00
7.836910597719221983e+01,7.803057468496778881e+01,5.214594542310010183e+00
9.863815350690720152e+01,8.538702689990648764e+01,5.214594542310010183e+00
8.824201965080200694e+01,8.910636169100204995e+01,5.214594542310010183e+00
9.793393171500912331e+01,8.562626135060585852e+01,5.214592283596815037e+00
8.345183589645741051e+01,8.106955567456650158e+01,5.214592283596815037e+00
1.031730840488636858e+02,8.919895837251577575e+01,5.214592283596815037e+00
9.330731281120060316e+01,8.405573641085352676e+01,5.214592283596815037e+00
9.632934585775635128e+01,8.449335683537336195e+01,5.214592283596815037e+00
1.127278457727673810e+02,6.562510875933585908e+01,5.214592283596815037e+00
9.961535212810511553e+01,7.694707175775229757e+01,5.214592283596815037e+00
1.023050924172307390e+02,8.049026066963257620e+01,5.214592283596815037e+00
8.980291735055514835e+01,8.224941766382515596e+01,5.214592283596815037e+00
1.013499154429769504e+02,8.119345724068264758e+01,5.214592283596815037e+00
1.140316078789470140e+02,7.619874713260611543e+01,5.214592283596815037e+00
9.719483286791982835e+01,8.648393447023825331e+01,5.210106332643050564e+00
1.059277083927363066e+02,7.426401966903588914e+01,5.210106332643050564e+00
1.108930633368408110e+02,7.382236257344344210e+01,5.210106332643050564e+00
8.439774375137038476e+01,8.413880686790575680e+01,5.210106332643050564e+00
9.119454054722579883e+01,8.285008710384202857e+01,5.210106332643050564e+00
9.240003958045085142e+01,7.871868145439326270e+01,5.210106332643050564e+00
9.852604643119178718e+01,8.842286776171182794e+01,5.210106332643050564e+00
9.203624335832125780e+01,8.858587162700654005e+01,5.210106332643050564e+00
1.233529084174052031e+02,8.792380801735302498e+01,5.210106332643050564e+00
7.755322155356054736e+01,8.162264273924304803e+01,5.210106332643050564e+00
9.127629294762846257e+01,8.467863271779343393e+01,5.210106332643050564e+00
8.983323761624497195e+01,8.353025793584131975e+01,5.210106332643050564e+00
8.663460173840141465e+01,8.279329044816674354e+01,5.210106332643050564e+00
9.095994387418758720e+01,8.289437620309014676e+01,5.210106332643050564e+00
1.065102661637276071e+02,7.932244118041747072e+01,5.210106332643050564e+00
9.347090480061433482e+01,8.276900119616442453e+01,5.209364543939500436e+00
1.089165343311716185e+02,8.832402930040393585e+01,5.209364543939500436e+00
1.166570163382089476e+02,7.530909933717481408e+01,5.209364543939500436e+00
9.660146711876146242e+01,8.746036478610059817e+01,5.205433129342623033e+00
8.656198117390101743e+01,7.803246083375593400e+01,5.205433129342623033e+00
9.856638174251688156e+01,8.624216724956933433e+01,5.205433129342623033e+00
8.169230425418345476e+01,8.568396540764183555e+01,5.205433129342623033e+00
9.871518830480076190e+01,8.554487412346365716e+01,5.205433129342623033e+00
8.822467622007738441e+01,7.873227674016121114e+01,5.203959237096398738e+00
8.388690858200820344e+01,7.562808684178402530e+01,5.203959237096398738e+00
9.933537273229005393e+01,8.527668879679235658e+01,5.203959237096398738e+00
9.375819639229965219e+01,8.645913597705684595e+01,5.203959237096398738e+00
1.184507540396960650e+02,9.311426099087165653e+01,5.198772298799838154e+00
1.073433610994368337e+02,8.653612333978715299e+01,5.198772298799838154e+00
7.983761267666251626e+01,7.814155018347069870e+01,5.198772298799838154e+00
8.965755203227654135e+01,7.339880686907758900e+01,5.198772298799838154e+00
9.142909277651531852e+01,8.326875103575258663e+01,5.198772298799838154e+00
9.311335420252797235e+01,7.810060006857669634e+01,5.198772298799838154e+00
1.028579597913507513e+02,7.988289887259959698e+01,5.198772298799838154e+00
9.967922220757701268e+01,8.170990419622999923e+01,5.187384723972073175e+00
9.824466324272199813e+01,8.225235706646149936e+01,5.187384723972073175e+00
9.584499286887277947e+01,7.827695070784650966e+01,5.187384723972073175e+00
1.032710216118253754e+02,8.423149568445175817e+01,5.187384723972073175e+00
1.125315707455688852e+02,8.274970252152898809e+01,5.187384723972073175e+00
1.312816527058778888e+02,7.379683835531278646e+01,5.187384723972073175e+00
1.035245526264897364e+02,9.027656316544096171e+01,5.187384723972073175e+00
1.098203459697901252e+02,8.696104390422704000e+01,5.187384723972073175e+00
1.068874924695312529e+02,8.865663956674191581e+01,5.187384723972073175e+00
9.055408171793732208e+01,7.950339769271893431e+01,5.187384723972073175e+00
9.094467991967835019e+01,8.910023171590572133e+01,5.187384723972073175e+00
8.448859349569609378e+01,8.389449416826690253e+01,5.187384723972073175e+00
1.030987715340241522e+02,8.872864412610660168e+01,5.187384723972073175e+00
1.224062837928571241e+02,8.767283018584852528e+01,5.187384723972073175e+00
1.073528068385795677e+02,9.146362528541064307e+01,5.187384723972073175e+00
9.466513875833291536e+01,8.888162563800014482e+01,5.187384723972073175e+00
7.970810949749622409e+01,7.793218879591242398e+01,5.183336738869030569e+00
9.839684565651236881e+01,8.877165201534558037e+01,5.183336738869030569e+00
1.217773453407137367e+02,9.265132495722343720e+01,5.183336738869030569e+00
1.026881245817544652e+02,8.590283816760444324e+01,5.183336738869030569e+00
9.391445098876057784e+01,8.197775867787402149e+01,5.183336738869030569e+00
8.859992920826969964e+01,7.624338743030565979e+01,5.183336738869030569e+00
8.075638398360449344e+01,7.219208473976839002e+01,5.183336738869030569e+00
9.979354515197852038e+01,7.748546629194089519e+01,5.183312482930290344e+00
1.222210680481567522e+02,8.408901942770116023e+01,5.183312482930290344e+00
1.013992440633004719e+02,8.558306696044580519e+01,5.183312482930290344e+00
1.069405417137246559e+02,9.534120932865289433e+01,5.183312482930290344e+00
8.010537400491845972e+01,8.110668225511781770e+01,5.181339270313841894e+00
9.315269745726099870e+01,7.999210135454853798e+01,5.181339270313841894e+00
1.027545098898220601e+02,8.373580607626526273e+01,5.181339270313841894e+00
1.133869239013318975e+02,8.212992286323625990e+01,5.181339270313841894e+00
9.264394897356343961e+01,7.751080367029531715e+01,5.181339270313841894e+00
8.421350110502925190e+01,7.881588139907823631e+01,5.181339270313841894e+00
9.545797728843720620e+01,8.121081366085786613e+01,5.181339270313841894e+00
1.003711739991174738e+02,8.606702497410391572e+01,5.181339270313841894e+00
9.315727140841272558e+01,8.165739406387902477e+01,5.181339270313841894e+00
9.854100417049127714e+01,7.552063606887072922e+01,5.181339270313841894e+00
1.056417757090927978e+02,7.597492160911022552e+01,5.181339270313841894e+00
1.018959002304173254e+02,7.195733991651412964e+01,5.181339270313841894e+00
1.023512495142858825e+02,8.259650748907132822e+01,5.181339270313841894e+00
7.524758902969742280e+01,8.402031119449856078e+01,5.180739452677087797e+00
9.757078246703618163e+01,8.340090483376667407e+01,5.166008809671112090e+00
8.621257001613712134e+01,8.494721647708705348e+01,5.166008809671112090e+00
9.646536661231482412e+01,9.086150781522688646e+01,5.160936966050485353e+00
1.023349220766146175e+02,8.543367816996986619e+01,5.160936966050485353e+00
9.469488886160053198e+01,8.639285737388256337e+01,5.160936966050485353e+00
9.709857676288052630e+01,8.708116302440198808e+01,5.160936966050485353e+00
9.719249121091471011e+01,8.959404048465073345e+01,5.160936966050485353e+00
1.146619600483638095e+02,8.518457361097173930e+01,5.160936966050485353e+00
1.086033540148092413e+02,8.340591031459561577e+01,5.160936966050485353e+00
9.694439435468132160e+01,8.934577402475358099e+01,5.160936966050485353e+00
1.148615866778118288e+02,9.592491914985275514e+01,5.160936966050485353e+00
9.124767953106217533e+01,9.010237273325458318e+01,5.160936966050485353e+00
1.049379385138638128e+02,8.733240809188654907e+01,5.160936966050485353e+00
6.822336636421040623e+01,7.422726226726986454e+01,5.160936966050485353e+00
8.070675435722799307e+01,7.882559348384752695e+01,5.160936966050485353e+00
9.178300238870032501e+01,8.705637747911261215e+01,5.160936966050485353e+00
8.828759316134862445e+01,8.527310584190881571e+01,5.155339892911854349e+00
8.220307562447951000e+01,8.087131102094237178e+01,5.155339892911854349e+00
1.014184684097247953e+02,8.078287489586081449e+01,5.155339892911854349e+00
9.992242032670978347e+01,8.576470380804593674e+01,5.155339892911854349e+00
9.385079570608556310e+01,8.036417637450971085e+01,5.155339892911854349e+00
9.162023890851958186e+01,8.310186652932897289e+01,5.155339892911854349e+00
1.026104335886464867e+02,8.201852107237949951e+01,5.155339892911854349e+00
9.296242557600633916e+01,7.896275712129194346e+01,5.155339892911854349e+00
8.400540138151174574e+01,8.124110585057785272e+01,5.155339892911854349e+00
9.497668567104881276e+01,8.173189428313004612e+01,5.155339892911854349e+00
1.108031677378317852e+02,8.492191672739573960e+01,5.155339892911854349e+00
1.013076096623352385e+02,8.294135515020019511e+01,5.155339892911854349e+00
9.473784444977644625e+01,7.761094568188964615e+01,5.155339892911854349e+00
1.105998835391445994e+02,7.821857202819691679e+01,5.155339892911854349e+00
1.019812352968658615e+02,8.189873261318570030e+01,5.094763028019883677e+00
9.580673934035073103e+01,8.663209024035015204e+01,5.094763028019883677e+00
9.068870391729085156e+01,7.873999339992796820e+01,5.094763028019883677e+00
1.008290139539745951e+02,7.980746304787466272e+01,5.094763028019883677e+00
1.284210481972000650e+02,8.392441025106390384e+01,5.094763028019883677e+00
1.337034657180467150e+02,8.499710793602996262e+01,5.094763028019883677e+00
1.039801449593537939e+02,8.702859441821520647e+01,5.094763028019883677e+00
9.806836286539171965e+01,8.737571472580118837e+01,5.092960059172852993e+00
8.212163496461070622e+01,8.134414304899878800e+01,5.092960059172852993e+00
8.696640235752933279e+01,8.220793751868539800e+01,5.092810006800050360e+00
9.715679749687333810e+01,8.719657585304565828e+01,5.092810006800050360e+00
1.175475330842489257e+02,8.622352489802003106e+01,5.092810006800050360e+00
9.993403543296076919e+01,8.901728456483814966e+01,5.092810006800050360e+00
8.237274582115237820e+01,8.099014101694287149e+01,5.092810006800050360e+00
9.666580896965075453e+01,8.442395019103051368e+01,5.092810006800050360e+00
9.644649352036003620e+01,7.822451011345842176e+01,5.092810006800050360e+00
9.981716572099767859e+01,8.419784255123236960e+01,5.092810006800050360e+00
9.095794030077124148e+01,8.298546639007017234e+01,5.092810006800050360e+00
7.790322356657227942e+01,7.423049789006752519e+01,5.092810006800050360e+00
8.778248252371334104e+01,8.566125269568756551e+01,5.092810006800050360e+00
9.532913536673257227e+01,8.273460561402572466e+01,5.092810006800050360e+00
1.091002406660104498e+02,8.178975718625670766e+01,5.092810006800050360e+00
8.402485687903110545e+01,8.609846301004400004e+01,5.092810006800050360e+00
9.030267639848156591e+01,7.504880141160995777e+01,5.092810006800050360e+00
9.212081013343826896e+01,8.580147968102575362e+01,5.092810006800050360e+00
1.169973327672192909e+02,8.415576237772367563e+01,5.092810006800050360e+00
8.823168398860536854e+01,8.482618974589122729e+01,5.092810006800050360e+00
9.056436058061636629e+01,7.770307612076688031e+01,5.092810006800050360e+00
1.259175922304548010e+02,8.414462731905022963e+01,5.090875284867308892e+00
8.810408840970774236e+01,8.303803356941831737e+01,5.090875284867308892e+00
1.071200677625857196e+02,8.567852495374006594e+01,5.090875284867308892e+00
1.063934709109609287e+02,8.349274191820555302e+01,5.090875284867308892e+00
7.686195072658729543e+01,7.968546876648474608e+01,5.090875284867308892e+00
9.650253681484871038e+01,8.480266778411514395e+01,5.071197304961955865e+00
1.188885760133921394e+02,7.785976945722100595e+01,5.071197304961955865e+00
1.000611571446288508e+02,8.555183698580736973e+01,5.071197304961955865e+00
9.364777073309150524e+01,8.519643673275776052e+01,5.071197304961955865e+00
9.847937951823475089e+01,8.792812161079869782e+01,5.071197304961955865e+00
1.080928642665656980e+02,8.572687601717451855e+01,5.071197304961955865e+00
1.115303035231908808e+02,7.142593259779413017e+01,5.071197304961955865e+00
8.818139756763754633e+01,8.327139553487917567e+01,5.063697465840817813e+00
8.677092775141413483e+01,8.461008604228688057e+01,5.063697465840817813e+00
1.072030610871566267e+02,8.638456112458295877e+01,5.063697465840817813e+00
8.366321146908846629e+01,7.982669725900748858e+01,5.063697465840817813e+00
1.010751434792355070e+02,8.453256792068843595e+01,5.063697465840817813e+00
9.638772863558679660e+01,8.628464136891274450e+01,5.063697465840817813e+00
8.606725169406750808e+01,8.103484998286698726e+01,5.063697465840817813e+00
1.013186881369505556e+02,8.000101564678902832e+01,5.063697465840817813e+00
1.254246126898301839e+02,8.104628842600608607e+01,5.063697465840817813e+00
1.075891064047945918e+02,8.477196290065900541e+01,5.063697465840817813e+00
1.219444273109516814e+02,8.657935655256473240e+01,5.063697465840817813e+00
1.067983417384489258e+02,8.682485535873055937e+01,5.063697465840817813e+00
9.419371214379739854e+01,7.463878782842273552e+01,5.063697465840817813e+00
8.567352584981719588e+01,7.827005681599416675e+01,5.063697465840817813e+00
8.862244083826028884e+01,8.609972118575130651e+01,5.059451733565310860e+00
8.327094079333183174e+01,8.502066246899130419e+01,5.059451733565310860e+00
1.027566482323729815e+02,8.537518234757830271e+01,5.059451733565310860e+00
1.375635734706669382e+02,8.417761610924308968e+01,5.059451733565310860e+00
6.974658192280655555e+01,7.812737507341539356e+01,5.059451733565310860e+00
1.176133068313424275e+02,8.224189197746841273e+01,5.059451733565310860e+00
9.869391415861061034e+01,8.945790020310889190e+01,5.059451733565310860e+00
9.262170308404954255e+01,8.407783534022638605e+01,5.059451733565310860e+00
1.097921995814380978e+02,8.981038931398900615e+01,5.059451733565310860e+00
1.046395654274136575e+02,8.050144710829074768e+01,5.059451733565310860e+00
9.923643645641993771e+01,8.790905227400779154e+01,5.059451733565310860e+00
1.211425026971378429e+02,8.695714675538545180e+01,5.059451733565310860e+00
7.687727149413640859e+01,8.025955080334655634e+01,5.059451733565310860e+00
9.348449310764226539e+01,8.468326202171584782e+01,5.059451733565310860e+00
9.631753693247202364e+01,8.104264140259610372e+01,5.059451733565310860e+00
9.046674272450142951e+01,8.383036584825367754e+01,5.057946539549874387e+00
1.038284965749208766e+02,8.693083319399445941e+01,5.057946539549874387e+00
1.088228577963618307e+02,7.611933457954170024e+01,5.057946539549874387e+00
8.253500517119125846e+01,7.661217250276807533e+01,5.057946539549874387e+00
9.992300618820783598e+01,8.054595493121696848e+01,5.057946539549874387e+00
1.013499685391414289e+02,8.990981149014733376e+01,5.057946539549874387e+00
1.037220467924054503e+02,9.042339551263950170e+01,5.057946539549874387e+00
1.009849617386004894e+02,8.447233801617794313e+01,5.057946539549874387e+00
9.651580001165163480e+01,9.077857368467250865e+01,5.057946539549874387e+00
9.993430255611193047e+01,8.760806177350872304e+01,5.052325991850949549e+00
8.470845966194501386e+01,8.669543067833834016e+01,5.035404579519706658e+00
8.839500881522184272e+01,7.979687170918472816e+01,5.035404579519706658e+00
9.717937871758697099e+01,8.401352215307122151e+01,5.035404579519706658e+00
1.493718946557144989e+02,7.955033214490713078e+01,5.035404579519706658e+00
1.204921420633716025e+02,6.983971232364895343e+01,5.035404579519706658e+00
1.077646815360846233e+02,6.785964633815380864e+01,5.035404579519706658e+00
8.458771130287792062e+01,8.001679794657894718e+01,5.035404579519706658e+00
9.120615007280923692e+01,8.759080881020608444e+01,5.035404579519706658e+00
1.010211422025273720e+02,8.752560431033121802e+01,5.035404579519706658e+00
7.914854243662485089e+01,8.175434819517481344e+01,5.035404579519706658e+00
1.002847935383271931e+02,8.340321176097678801e+01,5.035404579519706658e+00
1.069309335865874573e+02,8.495091730984019307e+01,5.035404579519706658e+00
1.131089960161814645e+02,8.731069115672286785e+01,5.035404579519706658e+00
1.186563918641827797e+02,8.016622387143645767e+01,5.035404579519706658e+00
8.802217831125700798e+01,8.273531371478433982e+01,5.035404579519706658e+00
9.531316349004509902e+01,7.726844703900641775e+01,5.035366117653822471e+00
1.027509415035760441e+02,8.591326240562504779e+01,5.034138615067917044e+00
9.376329882036267804e+01,7.937132891089333953e+01,5.034138615067917044e+00
1.130509053391341752e+02,8.738910482848920935e+01,5.034138615067917044e+00
1.077987456982536543e+02,8.554994554584115463e+01,5.034138615067917044e+00
1.067454996462185619e+02,8.568920475192780373e+01,5.034138615067917044e+00
9.544200416564146394e+01,8.020695303917882768e+01,5.034138615067917044e+00
1.169685386933657867e+02,9.020420608102011784e+01,5.034138615067917044e+00
8.608315519134525573e+01,8.313763132983383741e+01,5.034138615067917044e+00
9.734004612836930903e+01,7.908802956591979694e+01,5.034138615067917044e+00
9.943985709392252659e+01,8.865445109347594155e+01,5.034138615067917044e+00
9.975024432103586491e+01,7.429091780862887617e+01,5.034138615067917044e+00
1.078028956389636335e+02,8.741311615231288101e+01,5.034138615067917044e+00
9.875441793011761149e+01,7.988656066672625400e+01,5.034138615067917044e+00
9.022089342374474086e+01,8.736489521651903090e+01,5.034138615067917044e+00
1.029579677000349420e+02,9.113229196274100730e+01,5.034138615067917044e+00
9.999531978091587803e+01,8.166989344403728524e+01,5.034138615067917044e+00
7.204043090134314298e+01,7.733132413498532287e+01,5.033413400518895742e+00
9.296653542329200093e+01,8.105918974966996871e+01,5.033413400518895742e+00
9.855267690271617198e+01,7.955741318602227352e+01,5.033413400518895742e+00
1.207698535155307411e+02,8.569021127861080345e+01,5.033413400518895742e+00
1.008449371302838671e+02,8.723470765566045770e+01,5.033413400518895742e+00
1.030926947635173576e+02,8.774893192342949533e+01,5.033413400518895742e+00
9.022326851743132181e+01,8.382047464118041091e+01,5.033413400518895742e+00
8.936794515034034703e+01,8.224968653916600658e+01,5.033413400518895742e+00
1.188516425134059062e+02,8.240423261247694597e+01,5.033413400518895742e+00
9.934480974961203970e+01,7.476303778254835208e+01,5.033413400518895742e+00
8.366394585173058829e+01,7.463595910304962899e+01,5.033413400518895742e+00
1.126508914657561036e+02,9.390222182400734141e+01,5.033413400518895742e+00
8.049258604913339354e+01,7.657177208052364392e+01,5.033413400518895742e+00
9.213936837848754635e+01,8.223438522491976244e+01,5.033413400518895742e+00
1.148352498136802780e+02,8.415906390200865417e+01,5.033413400518895742e+00
9.979017467744503733e+01,8.019990049661224418e+01,5.033413400518895742e+00
9.259171154296446105e+01,7.961665012618095716e+01,5.033413400518895742e+00
9.676968459600738015e+01,8.551853312460414713e+01,5.033413400518895742e+00
9.094441104151667332e+01,7.948659699117520461e+01,5.033413400518895742e+00
8.146201225260212198e+01,8.736145677382435792e+01,5.033413400518895742e+00
1.030517676539064098e+02,8.287647678054104006e+01,5.033413400518895742e+00
9.481032000766239776e+01,8.791498731833894453e+01,5.033413400518895742e+00
9.651899072911308508e+01,8.560995471062737749e+01,5.033413400518895742e+00
1.066841192956865854e+02,8.304275711769309964e+01,5.033413400518895742e+00
1.205967436126891243e+02,7.566698821372445138e+01,5.033413400518895742e+00
1.277363524733534206e+02,7.352769506072914396e+01,5.026844756003129078e+00
1.209666011348580952e+02,7.798849389329882342e+01,5.026844756003129078e+00
1.040255054426639134e+02,7.965185411253757763e+01,5.026844756003129078e+00
1.170692937980400075e+02,8.540184484760489170e+01,5.026844756003129078e+00
9.249121298248081757e+01,7.839964709995533099e+01,5.026844756003129078e+00
8.181828449917603052e+01,7.784322247197383149e+01,5.026844756003129078e+00
1.159591525270852799e+02,8.047831748628179582e+01,5.026844756003129078e+00
1.177077177238146248e+02,8.446947578287095837e+01,5.026844756003129078e+00
9.701328783429480040e+01,8.035103091470597292e+01,5.026844756003129078e+00
1.066202248518238491e+02,7.450057270487484118e+01,5.026844756003129078e+00
8.630076238787168563e+01,8.176632162624056832e+01,5.026844756003129078e+00
9.725217861827101729e+01,8.252129028734442784e+01,5.026844756003129078e+00
9.606662972976157278e+01,8.129454623095728039e+01,5.026844756003129078e+00
9.717923504366453358e+01,7.630579440234618005e+01,5.026844756003129078e+00
1.162804270926111485e+02,8.127750607069496880e+01,5.026844756003129078e+00
1.021505617968881978e+02,7.816432072973648815e+01,5.026844756003129078e+00
1.059757814071396353e+02,8.918347751929869105e+01,5.026844756003129078e+00
9.738281021175259866e+01,8.874786084680344800e+01,5.026844756003129078e+00
1.166965845749236479e+02,7.634575641154829384e+01,5.026844756003129078e+00
9.247287407156737515e+01,8.267132887460523705e+01,5.026844756003129078e+00
9.399344877926043296e+01,8.369918032629904303e+01,5.026844756003129078e+00
1.108458536168635362e+02,9.006810730399001841e+01,5.026844756003129078e+00
1.246011544386576162e+02,7.706918060959991124e+01,5.026844756003129078e+00
1.184887857662641579e+02,8.149207021662805062e+01,5.026844756003129078e+00
9.904856639193891965e+01,8.607222254578960019e+01,5.026844756003129078e+00
1.267127137089072022e+02,8.766136512931572611e+01,5.026844756003129078e+00
1.036782321209114599e+02,9.060664724803596926e+01,5.026844756003129078e+00
9.395865041266726791e+01,8.879147458509152102e+01,5.026844756003129078e+00
8.489954352068605203e+01,8.292111406043154886e+01,5.026844756003129078e+00
1.132061062733127272e+02,8.211512127075847900e+01,5.026844756003129078e+00
1.294452520927621038e+02,9.140561092099778762e+01,5.026844756003129078e+00
9.922958283432323867e+01,9.039053772316289326e+01,5.025185326150563014e+00
9.206592214331730872e+01,8.323661304599374944e+01,5.025185326150563014e+00
1.022727589003561945e+02,8.839868801038814183e+01,5.025185326150563014e+00
8.649636603554495196e+01,8.315790339204049531e+01,5.025185326150563014e+00
1.070338563011323458e+02,7.263928195948680866e+01,5.025185326150563014e+00
9.551805585384747133e+01,8.703507671438613613e+01,5.025185326150563014e+00
1.039574224754453127e+02,8.921082618008792053e+01,5.025185326150563014e+00
1.018241350784247885e+02,8.881775633770512002e+01,5.025185326150563014e+00
9.714390629974440117e+01,8.318325869332112177e+01,5.025185326150563014e+00
9.959946772114575708e+01,8.205555023106423107e+01,5.025185326150563014e+00
9.239076691672651975e+01,7.613118569596541363e+01,5.025185326150563014e+00
9.179816469696361025e+01,8.018595377456011875e+01,5.025185326150563014e+00
1.141995291013300573e+02,8.520997345909266585e+01,5.025185326150563014e+00
1.055363488798983269e+02,7.878780152568444350e+01,5.025185326150563014e+00
1.071964174671687005e+02,8.257344165045765294e+01,5.025185326150563014e+00
8.879703812728800472e+01,8.740459672834772675e+01,5.025185326150563014e+00
8.135300620998978616e+01,8.432526912179746148e+01,5.025185326150563014e+00
9.876231033788417335e+01,8.651883660164109813e+01,5.025185326150563014e+00
8.465657833933838106e+01,8.311165665853803830e+01,5.025185326150563014e+00
1.083837951109760098e+02,8.410893563553767649e+01,5.025185326150563014e+00
1.128474211810220851e+02,8.474998544351461760e+01,5.025185326150563014e+00
7.598441898886287049e+01,7.977481985287127486e+01,5.025185326150563014e+00
9.809752243098151325e+01,8.960694188609465982e+01,5.025185326150563014e+00
8.115684330335813002e+01,8.258873961917360873e+01,5.025185326150563014e+00
8.985924071499871957e+01,8.829822687433086514e+01,5.024739858650718816e+00
8.054838292733136029e+01,7.949464312686706080e+01,5.024739858650718816e+00
8.809528026202227124e+01,8.564539956098370510e+01,5.015249454348946756e+00
1.012924289821246049e+02,8.928167923424935282e+01,5.015249454348946756e+00
9.090497016349695514e+01,7.886180886315987948e+01,5.015249454348946756e+00
9.275251381973403397e+01,8.587039762446246982e+01,5.015249454348946756e+00
8.166113565062946122e+01,8.476609684373583775e+01,5.015249454348946756e+00
