# Mean_Fitness,Std_Dev,Top_1_Fitness
1.784794360674312088e+02,2.767274979894523668e+01,9.808878755178622555e+01
1.722407080746551173e+02,2.984109880613709365e+01,9.808878755178622555e+01
1.762256833240728611e+02,2.968757373617361850e+01,9.808878755178622555e+01
1.656779678456909153e+02,3.880594420802726319e+01,9.808878755178622555e+01
1.812419598990610723e+02,3.814575681638639537e+01,9.808878755178622555e+01
1.759521501903961394e+02,3.584754395540712579e+01,9.808878755178622555e+01
1.639209542319000832e+02,4.849531310838219156e+01,9.631527247545824366e+01
1.270035686405684174e+02,3.625069241051879487e+01,7.777306155000468380e+01
1.473599035202162213e+02,3.770917461821208150e+01,7.777306155000468380e+01
1.584398579123364925e+02,3.128939174142804802e+01,7.777306155000468380e+01
1.731337811679721597e+02,3.255408567838249212e+01,7.777306155000468380e+01
1.515220035521952582e+02,5.239619218707461812e+01,7.777306155000468380e+01
1.340971479416605234e+02,4.460580831375589383e+01,7.691675592625728086e+01
1.168341490850921645e+02,3.679844572344273246e+01,7.691675592625728086e+01
1.417705714569750626e+02,3.499099521349762654e+01,7.691675592625728086e+01
1.487412164929694995e+02,2.520459781766878393e+01,7.691675592625728086e+01
1.588683155118515344e+02,2.681661326658776545e+01,7.691675592625728086e+01
1.448737650188493546e+02,2.400174790482086706e+01,7.691675592625728086e+01
1.388939510806481508e+02,1.830852246675611639e+01,7.691675592625728086e+01
1.281478033203691780e+02,2.279101366024242026e+01,7.691675592625728086e+01
1.120166385129810749e+02,3.035412750273219729e+01,7.369873028774372870e+01
1.004972076688095939e+02,2.205382312675564194e+01,7.270651677824064052e+01
1.148754283589165368e+02,2.663842484674325206e+01,7.270651677824064052e+01
1.117862471892386083e+02,2.435374959170808751e+01,6.217490965914684864e+01
1.257864460319609918e+02,2.186772455781789404e+01,6.150123145036344852e+01
1.342001419713197663e+02,2.758265194572645740e+01,6.150123145036344852e+01
1.241637249517051771e+02,2.813342124835629932e+01,6.104839032070384519e+01
1.154032877081653226e+02,3.670315875347843360e+01,4.811565560220949322e+01
8.557722640995349650e+01,2.933479691001619116e+01,4.811565560220949322e+01
7.722604075223424047e+01,2.592389286191585285e+01,4.811565560220949322e+01
8.153276486248731203e+01,3.305603106702253058e+01,4.811565560220949322e+01
9.345730149415653898e+01,3.289698264750533951e+01,4.811565560220949322e+01
8.524611760994504550e+01,3.189817289025621250e+01,4.811565560220949322e+01
7.214353888557948835e+01,2.238354131967015803e+01,4.811565560220949322e+01
7.787380504564454498e+01,2.567284969209043055e+01,4.811565560220949322e+01
8.568753407487054119e+01,3.080024989852119077e+01,4.811565560220949322e+01
8.889925545557778719e+01,3.721619897080978490e+01,4.811565560220949322e+01
8.241984579053743687e+01,4.075914248025969755e+01,4.811565560220949322e+01
7.858242942988093205e+01,3.429538246975739213e+01,4.811565560220949322e+01
8.622882770373435335e+01,3.923937514271206339e+01,4.811565560220949322e+01
9.434782890686047097e+01,2.969002656002030349e+01,4.811565560220949322e+01
1.063838795587426205e+02,3.952383533682800731e+01,4.811565560220949322e+01
1.181142246283867223e+02,3.133522299253889187e+01,4.811565560220949322e+01
1.377234176992914172e+02,2.475755580110220322e+01,4.811565560220949322e+01
1.073279383046617568e+02,3.869868498139464208e+01,4.811565560220949322e+01
9.068873645790577598e+01,4.677013983423019994e+01,4.811565560220949322e+01
7.645413489109392913e+01,4.226471766436900879e+01,4.762193253956812811e+01
8.371595172189896061e+01,4.794725058009073138e+01,4.762193253956812811e+01
6.860414440490167465e+01,3.650846424186737949e+01,4.762193253956812811e+01
8.613579620682382654e+01,4.423817312794690082e+01,4.576889163207202671e+01
6.857988883140670566e+01,3.442269482087960597e+01,4.576889163207202671e+01
7.923728039044138427e+01,4.049802600441183387e+01,4.576889163207202671e+01
9.762734313646591033e+01,4.222020098114277431e+01,4.393157024419443957e+01
9.469738440832000492e+01,4.642665102343438832e+01,4.393157024419443957e+01
1.093725115923380571e+02,3.434370946714327744e+01,4.393157024419443957e+01
1.078600365499191440e+02,3.835158620886390679e+01,4.393157024419443957e+01
1.106975912405783617e+02,3.740619303188741895e+01,4.393157024419443957e+01
1.101039906210168340e+02,4.205026171902895982e+01,4.393157024419443957e+01
1.219622478082951176e+02,3.803606052393668335e+01,4.393157024419443957e+01
1.291541675163350362e+02,4.111094218277433754e+01,4.393157024419443957e+01
1.198843193884774365e+02,4.519599432671949302e+01,4.393157024419443957e+01
1.132030675009487766e+02,3.926900488626721852e+01,4.393157024419443957e+01
1.231174309479641380e+02,3.868408755770504115e+01,4.393157024419443957e+01
1.229265769326688797e+02,3.889536223227475631e+01,4.393157024419443957e+01
1.118565504272608422e+02,3.662936730252030060e+01,4.393157024419443957e+01
1.174299847849227660e+02,3.719144172266245363e+01,4.393157024419443957e+01
1.281087694050656012e+02,3.479583861287112967e+01,4.393157024419443957e+01
1.183784837585451442e+02,3.967618633207169410e+01,4.393157024419443957e+01
1.033113721490773571e+02,4.231869245132113377e+01,4.393157024419443957e+01
9.969029206207872562e+01,5.015006370392095647e+01,4.393157024419443957e+01
8.622504485133902108e+01,4.835312613495169387e+01,4.054658057244375868e+01
8.768694209817672913e+01,4.430780960491343734e+01,4.054658057244375868e+01
7.089474697729818331e+01,3.553901244192657316e+01,4.054658057244375868e+01
7.788185178217699445e+01,3.903625949674490414e+01,4.054658057244375868e+01
8.179703922295539087e+01,3.257456639017384958e+01,4.054658057244375868e+01
8.686610060985590565e+01,4.535493050474019583e+01,4.054658057244375868e+01
7.237926873061742583e+01,3.550627363253519064e+01,4.054658057244375868e+01
1.117199279756026300e+02,3.939852835729028868e+01,4.054658057244375868e+01
1.228201437315586588e+02,4.780011245028214262e+01,4.054658057244375868e+01
9.521809405529950254e+01,4.541056568259038784e+01,4.035639024176245471e+01
8.226566995943042571e+01,4.551701323769936636e+01,4.035639024176245471e+01
9.401013432999906172e+01,6.361630381645053944e+01,4.035639024176245471e+01
1.007182119972423067e+02,5.904395053160007478e+01,4.035639024176245471e+01
1.026994505666503699e+02,5.263504062560409125e+01,4.035639024176245471e+01
9.866667559569398804e+01,5.391262874703285490e+01,4.035639024176245471e+01
1.069493716257904907e+02,4.026508791874962156e+01,4.035639024176245471e+01
9.841904794799195599e+01,5.356400553087936345e+01,4.035639024176245471e+01
9.131718552146314494e+01,4.455055837235494209e+01,4.035639024176245471e+01
6.694538857971568291e+01,3.794664488352047016e+01,4.035639024176245471e+01
6.608875572005541699e+01,3.902269068510504013e+01,4.035639024176245471e+01
7.008298886819454765e+01,4.540028442215396609e+01,4.035639024176245471e+01
1.173836567592655911e+02,6.077672263531468388e+01,4.035639024176245471e+01
9.462628856496361607e+01,4.971127814066666417e+01,3.182997383007543135e+01
9.774172002400526083e+01,4.611782003283814646e+01,3.182997383007543135e+01
5.246577980448466860e+01,3.329209043350044084e+01,3.182997383007543135e+01
5.651899695418579483e+01,3.884960251828527333e+01,3.182997383007543135e+01
6.432152177898365153e+01,4.488042418331283301e+01,3.182997383007543135e+01
7.061039994809392795e+01,4.451244311777789164e+01,3.182997383007543135e+01
6.395532621921656613e+01,3.814829449192048827e+01,3.182997383007543135e+01
7.251113580151738347e+01,4.840136547994100624e+01,3.182997383007543135e+01
8.011754713269255035e+01,5.032999751629023422e+01,3.182997383007543135e+01
5.574622396220020448e+01,3.806362540948231299e+01,3.182997383007543135e+01
6.995833995203828692e+01,4.998754828968917252e+01,3.182997383007543135e+01
6.173975840587280572e+01,5.076928953567017544e+01,3.182997383007543135e+01
6.275266915549359226e+01,5.023073881412579311e+01,3.182997383007543135e+01
6.211524038370983192e+01,4.820938031526129919e+01,3.182997383007543135e+01
6.726662349881996761e+01,5.347748491846111563e+01,3.182997383007543135e+01
5.547197443780051174e+01,4.045315522424021282e+01,3.182997383007543135e+01
6.719522262729029194e+01,5.147247674536409789e+01,3.086224295558884023e+01
7.184306830785619979e+01,5.099834035311346980e+01,3.086224295558884023e+01
6.879162401405623939e+01,5.118895872875831543e+01,3.086224295558884023e+01
6.980405104341615186e+01,5.424847203610865876e+01,2.994063668418215229e+01
6.399242512605260202e+01,4.691548005758311746e+01,2.994063668418215229e+01
8.173117482891352381e+01,5.762785018578363605e+01,2.994063668418215229e+01
1.008678404321579762e+02,6.209382445609256251e+01,2.994063668418215229e+01
1.229425892875355686e+02,4.829342283881782549e+01,2.994063668418215229e+01
8.574491016486237527e+01,4.019419416255822597e+01,2.994063668418215229e+01
1.059456865575687488e+02,5.560230700404915893e+01,2.994063668418215229e+01
1.005097610707965430e+02,7.174738283966492247e+01,2.994063668418215229e+01
7.054220660916895724e+01,5.441076212202143125e+01,2.994063668418215229e+01
6.795523589740506054e+01,5.151104257985269896e+01,2.994063668418215229e+01
7.240574076455284569e+01,5.559871376792770548e+01,2.994063668418215229e+01
5.913329439751369421e+01,4.818948874276596683e+01,2.994063668418215229e+01
6.404950774354395548e+01,5.058561475444290778e+01,2.994063668418215229e+01
6.828015322238130125e+01,5.244085519030947751e+01,2.994063668418215229e+01
7.634748892608975268e+01,5.198281603764481673e+01,2.994063668418215229e+01
5.630221929259266744e+01,4.448403444352479141e+01,2.994063668418215229e+01
6.399985170802729328e+01,5.154053281057811375e+01,2.994063668418215229e+01
1.162093174400611559e+02,6.926951194255737221e+01,2.900085166237455780e+01
9.323599389056934683e+01,6.187549803442787066e+01,2.900085166237455780e+01
9.806564382577813888e+01,6.310915502133022414e+01,2.900085166237455780e+01
5.741359351046666859e+01,4.671227571107250753e+01,2.900085166237455780e+01
7.521499077672027056e+01,5.412431048750074325e+01,2.900085166237455780e+01
5.253272492593929144e+01,4.523214447515894676e+01,2.900085166237455780e+01
8.748786430010389381e+01,6.399879077289747897e+01,2.900085166237455780e+01
6.032513921921056266e+01,5.022960293996317205e+01,2.900085166237455780e+01
7.070045129284414998e+01,5.601442336848159442e+01,2.900085166237455780e+01
9.952329456774762662e+01,6.296705827270863409e+01,2.900085166237455780e+01
6.428978441168224833e+01,4.729421939403409425e+01,2.900085166237455780e+01
7.932238773949075039e+01,5.122611653047729874e+01,2.900085166237455780e+01
8.326777888258803273e+01,5.959560061291688982e+01,2.878154536787543805e+01
9.492338915313584380e+01,6.337577325015420371e+01,2.878154536787543805e+01
5.773593071714435609e+01,4.259514764331199643e+01,2.878154536787543805e+01
8.133182014993097653e+01,5.534801445077546589e+01,2.878154536787543805e+01
6.983707341272882729e+01,4.228613737037773035e+01,2.878154536787543805e+01
6.491751243550406514e+01,4.764651113740335120e+01,2.803319014031254142e+01
6.049358702312424896e+01,4.754873443880941863e+01,2.495162410068375891e+01
5.969996278983563798e+01,5.256277629648642602e+01,2.495162410068375891e+01
6.067026063166317584e+01,5.420828023005604734e+01,2.495162410068375891e+01
9.648099061047314251e+01,7.479698032273620356e+01,2.495162410068375891e+01
5.131615281019751507e+01,5.004498868884621743e+01,2.495162410068375891e+01
7.888633852691873471e+01,6.947426232932883750e+01,2.495162410068375891e+01
7.047896368225406150e+01,5.710636117975351311e+01,2.495162410068375891e+01
7.296801907736548287e+01,6.890279254884352156e+01,2.495162410068375891e+01
7.419817206860064118e+01,6.080646958771210109e+01,2.495162410068375891e+01
5.063723561889010938e+01,5.111196582754251949e+01,2.495162410068375891e+01
6.211642158975049455e+01,5.937685042377379574e+01,2.495162410068375891e+01
6.432576319500600448e+01,5.879996449312518791e+01,2.495162410068375891e+01
5.284618689704849714e+01,5.255941201855466716e+01,2.495162410068375891e+01
6.153092220545094904e+01,6.108331491341989761e+01,2.394183647293618833e+01
6.949344907445420461e+01,6.160364458349818051e+01,2.394183647293618833e+01
6.729476668784839433e+01,6.071521102333262121e+01,2.394183647293618833e+01
6.506863290055848381e+01,6.349877388350783747e+01,2.394183647293618833e+01
5.659835686004203126e+01,5.751148314720332166e+01,2.394183647293618833e+01
6.095817552089319946e+01,5.981625295035946976e+01,2.394183647293618833e+01
8.235908972711254705e+01,5.830266931556084842e+01,2.394183647293618833e+01
6.764511820767776840e+01,5.647282063595350365e+01,1.835097551281970141e+01
6.857848273744450296e+01,6.028965463439955386e+01,1.835097551281970141e+01
6.304032542828186081e+01,6.441882425664454104e+01,1.835097551281970141e+01
9.944013761529845397e+01,8.003940443696218665e+01,1.835097551281970141e+01
7.246847866703564023e+01,6.594485919733125456e+01,1.835097551281970141e+01
5.952374391513296814e+01,5.488704591875587369e+01,1.835097551281970141e+01
5.982165853785667053e+01,5.209550885208666671e+01,1.835097551281970141e+01
6.458466262726076934e+01,5.165141271502029241e+01,1.835097551281970141e+01
4.962929064096631748e+01,5.028612957208256518e+01,1.835097551281970141e+01
5.558416830755461291e+01,5.347547385465794889e+01,1.835097551281970141e+01
5.304579504460937045e+01,4.940681886636551923e+01,1.835097551281970141e+01
4.892247225849666137e+01,4.801333818770300610e+01,1.835097551281970141e+01
6.047977300298995118e+01,5.223011975759221315e+01,1.835097551281970141e+01
8.398902192961790547e+01,6.740925078250350566e+01,1.835097551281970141e+01
8.030095368797746858e+01,7.186232068999827050e+01,1.835097551281970141e+01
6.311128368034157177e+01,4.693214437314011889e+01,1.835097551281970141e+01
6.334509954269590537e+01,5.296425033947935646e+01,1.835097551281970141e+01
6.354393205484997509e+01,5.586249903314330112e+01,1.835097551281970141e+01
7.857547360667919634e+01,6.173856140501210632e+01,1.835097551281970141e+01
4.906578035374436553e+01,4.936184351571701256e+01,1.835097551281970141e+01
6.099812946082163023e+01,5.873422715247190240e+01,1.835097551281970141e+01
5.835969654787703575e+01,6.415971669057981330e+01,1.835097551281970141e+01
5.416105306071541747e+01,6.410679236801259151e+01,1.835097551281970141e+01
7.390807672556034902e+01,7.261226503778442520e+01,1.810595219107032960e+01
9.203362276091802130e+01,6.400673263844687710e+01,1.810595219107032960e+01
1.026075401063023094e+02,7.905202028598156971e+01,1.810595219107032960e+01
1.006796640498192090e+02,8.953835326577804210e+01,1.810595219107032960e+01
6.408443705761290232e+01,7.273875996863137061e+01,1.810595219107032960e+01
5.462649846525132347e+01,6.831612942653588050e+01,1.810595219107032960e+01
6.141814834852124250e+01,7.222494742736762419e+01,1.810595219107032960e+01
6.527593784091118323e+01,7.638436206176807275e+01,1.810595219107032960e+01
9.264477220338805807e+01,9.750106477335619104e+01,1.810595219107032960e+01
6.213732856914077729e+01,7.696995204973515570e+01,1.810595219107032960e+01
5.462900706710594534e+01,7.147078450410461414e+01,1.785945304585668225e+01
6.264427438446175245e+01,7.611665481301811553e+01,1.785945304585668225e+01
4.707596032205901793e+01,6.029393620571749324e+01,1.565358523812851388e+01
6.965846720343306231e+01,8.084859872796991453e+01,1.565358523812851388e+01
5.035220333898049461e+01,6.315351652492831391e+01,1.565358523812851388e+01
5.246752565119818712e+01,7.204323182521835633e+01,1.565358523812851388e+01
6.447869535137695607e+01,7.407698737284643187e+01,1.526651655739648561e+01
5.218626406977161025e+01,6.516749691391974864e+01,1.526651655739648561e+01
4.650138229572814197e+01,5.888439505304656052e+01,1.526651655739648561e+01
5.290981953820876527e+01,6.322630771372981684e+01,1.526651655739648561e+01
5.457987633717404918e+01,7.025109296029251027e+01,1.526651655739648561e+01
5.616704932372088166e+01,6.987733591767756991e+01,1.526651655739648561e+01
5.434927921682263019e+01,7.102098645269762756e+01,1.526651655739648561e+01
7.092236898451436389e+01,7.963322423979894893e+01,1.526651655739648561e+01
9.038466542905712231e+01,7.565537941173693071e+01,1.526651655739648561e+01
5.130529068622595190e+01,6.936370902678680750e+01,1.526651655739648561e+01
5.057475329629693306e+01,6.698570784056271066e+01,1.526651655739648561e+01
6.481147457374081000e+01,7.457829313677775929e+01,1.526651655739648561e+01
7.544584284264036000e+01,7.627176702082428505e+01,1.526651655739648561e+01
3.922788111366629948e+01,5.117538987068176226e+01,1.526651655739648561e+01
5.551480185265156564e+01,6.574938174788613310e+01,1.526651655739648561e+01
5.110875220291865162e+01,6.704248715418134452e+01,1.526651655739648561e+01
5.347831786162790024e+01,6.616678947681211298e+01,1.526651655739648561e+01
5.381525770479522919e+01,6.540130056547684489e+01,1.242131646278930646e+01
5.327710261011910831e+01,6.889460640983638484e+01,1.242131646278930646e+01
5.230159206478786160e+01,7.542553345704729395e+01,1.242131646278930646e+01
8.572781422867424794e+01,7.921216522896271783e+01,1.242131646278930646e+01
5.716051437678601133e+01,7.118543832540865424e+01,1.242131646278930646e+01
5.581779461450544488e+01,6.453078500160903275e+01,1.242131646278930646e+01
7.447725638707713358e+01,7.938410719581253261e+01,1.242131646278930646e+01
5.214440230229401863e+01,6.854536019423645143e+01,1.242131646278930646e+01
4.512214359863439483e+01,6.516690734506688898e+01,1.242131646278930646e+01
4.837342275676356707e+01,6.686438381580623513e+01,1.204239792774666284e+01
7.799374175778883966e+01,8.296611767823723937e+01,1.204239792774666284e+01
6.381073288071993233e+01,7.215851234070539988e+01,1.204239792774666284e+01
5.461469112225887557e+01,7.002476038171950279e+01,1.204239792774666284e+01
5.867705130398591251e+01,7.634179374754374692e+01,1.204239792774666284e+01
6.076396262857904418e+01,6.817532100106593873e+01,1.204239792774666284e+01
5.611998627130144257e+01,6.463844682791311413e+01,1.204239792774666284e+01
8.317166823908038964e+01,8.214266369365105902e+01,1.204239792774666284e+01
6.074399602636025008e+01,8.039881633676752415e+01,1.204239792774666284e+01
6.171735026668652324e+01,8.045171635653348119e+01,1.204239792774666284e+01
8.793525290605258249e+01,8.775143109657216201e+01,1.204239792774666284e+01
5.946945976370166420e+01,7.704817092691337166e+01,1.164354920843739194e+01
5.119609362023854260e+01,6.954365802649031991e+01,1.164354920843739194e+01
6.192382481369811842e+01,7.203602249588347206e+01,1.164354920843739194e+01
4.745713922507112414e+01,6.592338550109148798e+01,1.164354920843739194e+01
6.872590638802265062e+01,7.875284753048511277e+01,1.164354920843739194e+01
6.101170611936687749e+01,7.292609668302151249e+01,1.164354920843739194e+01
5.520660074053490973e+01,7.053481322370166140e+01,1.164354920843739194e+01
5.491537562316075594e+01,7.507622089311368541e+01,1.164354920843739194e+01
3.843288477771795897e+01,5.688343247665829949e+01,1.164354920843739194e+01
6.427513587015998553e+01,8.085741394191825293e+01,1.164354920843739194e+01
4.222925431215956138e+01,6.755821859477325120e+01,1.164354920843739194e+01
3.856372224579555308e+01,5.809120899247104575e+01,1.164354920843739194e+01
5.426245066596127486e+01,7.139539480614554634e+01,1.164354920843739194e+01
6.183564811416891871e+01,7.917319460674360698e+01,1.164354920843739194e+01
7.167757379634829817e+01,7.673247588779614148e+01,1.164354920843739194e+01
6.795386604577609546e+01,7.398706772912257179e+01,1.164354920843739194e+01
7.264328736057581182e+01,9.058827612030087550e+01,1.164354920843739194e+01
5.259461937851848745e+01,7.927409190751340873e+01,1.164354920843739194e+01
4.712787610832648966e+01,6.539609427965650923e+01,1.080099848494333514e+01
5.758427759929318057e+01,6.285195394345157638e+01,1.080099848494333514e+01
7.422192233623798074e+01,7.879904627135937289e+01,1.080099848494333514e+01
5.261651089447902763e+01,7.114925408829789433e+01,1.080099848494333514e+01
3.743643482610578843e+01,5.639071347989740701e+01,1.080099848494333514e+01
5.033088283018609843e+01,6.661040966629161630e+01,1.080099848494333514e+01
5.503784256383330842e+01,6.720002432602592535e+01,1.080099848494333514e+01
5.034875164496290978e+01,7.168152997997913189e+01,1.080099848494333514e+01
4.481538445185110220e+01,6.619178228587583135e+01,1.080099848494333514e+01
4.599654351377417072e+01,6.829060824265113183e+01,1.080099848494333514e+01
4.674513540598963601e+01,6.732144299310701285e+01,1.080099848494333514e+01
6.227117470684363809e+01,7.936497066318261773e+01,1.080099848494333514e+01
4.312641131783888682e+01,6.473177486254751045e+01,1.080099848494333514e+01
6.539107857920076583e+01,8.292903387752070898e+01,1.080099848494333514e+01
7.394541064894742988e+01,8.400086996725765687e+01,1.080099848494333514e+01
4.074750037754782994e+01,5.828722018090277857e+01,1.080099848494333514e+01
4.602569302604997858e+01,6.948126508892887898e+01,1.080099848494333514e+01
7.662756183272738042e+01,8.404604593279205460e+01,1.080099848494333514e+01
5.229962642118540828e+01,7.512419953280509333e+01,1.080099848494333514e+01
9.494954108101296697e+01,9.902394328095618903e+01,1.080099848494333514e+01
1.123220736050470379e+02,9.771717615956364966e+01,1.080099848494333514e+01
5.872033821401133480e+01,6.994235222019675291e+01,1.036762749561302144e+01
5.706670690507023380e+01,7.625561958270519369e+01,1.036762749561302144e+01
5.475762761307574777e+01,6.230115780522233848e+01,1.036762749561302144e+01
4.118786019174298474e+01,6.413867650929576314e+01,1.036762749561302144e+01
5.111129947315870936e+01,6.888886609627213886e+01,1.036762749561302144e+01
6.012027954002881103e+01,7.438027958108749260e+01,1.036762749561302144e+01
5.633585996405611240e+01,7.466337617474647459e+01,1.036762749561302144e+01
4.879131858040005199e+01,6.506795412041512350e+01,1.036762749561302144e+01
5.319777270485114684e+01,7.332241329652676143e+01,1.036762749561302144e+01
4.632626758302844650e+01,6.660690288045564955e+01,1.036762749561302144e+01
4.971765125003392427e+01,6.875566064572691971e+01,1.036762749561302144e+01
4.371089707524222234e+01,6.326308479887080694e+01,1.036762749561302144e+01
4.608009413515772223e+01,6.400044053560633017e+01,1.036762749561302144e+01
5.969021849951005976e+01,7.760233895109726632e+01,1.036762749561302144e+01
4.346837328159485736e+01,6.500971109298693307e+01,1.036762749561302144e+01
4.562739803869165200e+01,6.556357956254706210e+01,1.036762749561302144e+01
5.627609754131255926e+01,7.680051727365383840e+01,1.036762749561302144e+01
6.405480794892157803e+01,8.152408899436095169e+01,1.036762749561302144e+01
4.358169523694019176e+01,6.134608698935623750e+01,1.036762749561302144e+01
5.509816395657376376e+01,7.664850132484542655e+01,1.036762749561302144e+01
5.749471517375351226e+01,7.659416413975363014e+01,1.036762749561302144e+01
6.421136515318346483e+01,8.041247529072472844e+01,1.036762749561302144e+01
5.204719615769778329e+01,7.002114667397910353e+01,1.036762749561302144e+01
6.452756605075380492e+01,8.019391889607805979e+01,1.036762749561302144e+01
4.122450013882153286e+01,6.465737395918880281e+01,1.036762749561302144e+01
4.029414302125925929e+01,5.750414637160682929e+01,1.036762749561302144e+01
4.904190161396479652e+01,6.711336724941351406e+01,1.036762749561302144e+01
3.668645248117643121e+01,5.606141765038262292e+01,1.036762749561302144e+01
6.684221033463538220e+01,7.395970451840740623e+01,1.036762749561302144e+01
4.272802319758542211e+01,6.055005440509567194e+01,1.036762749561302144e+01
4.592798587487368422e+01,6.721525733203289121e+01,1.036762749561302144e+01
5.822308672131032381e+01,7.736833391658578307e+01,1.036762749561302144e+01
7.331733576271892616e+01,7.971234490167090314e+01,1.036762749561302144e+01
4.679048458183513759e+01,6.742261614375910028e+01,1.036762749561302144e+01
6.090616966852585534e+01,7.797351762355528138e+01,1.011939291084746628e+01
4.804990641986255184e+01,7.026933305956472964e+01,1.011939291084746628e+01
4.969497574446802446e+01,7.481176148485536714e+01,1.011939291084746628e+01
5.414049333341896642e+01,7.311462256309660290e+01,9.793319267227161617e+00
4.680318954231881889e+01,7.233669968063765054e+01,9.793319267227161617e+00
5.152697086974983165e+01,6.952074707095995620e+01,9.793319267227161617e+00
4.747032691993629072e+01,7.157606365106134660e+01,9.536071682474670297e+00
4.438290869004445938e+01,6.541040908099721207e+01,9.536071682474670297e+00
5.009538512244913022e+01,6.033068522216682084e+01,9.536071682474670297e+00
8.216878780482147704e+01,8.567805437027355708e+01,9.536071682474670297e+00
6.004255562432831539e+01,7.735882060957926853e+01,9.536071682474670297e+00
4.435042650924549434e+01,6.381962857420635515e+01,9.536071682474670297e+00
4.529543121771487790e+01,6.830340854843657894e+01,8.995253379480033118e+00
3.976524984477298119e+01,6.376944360032938874e+01,8.995253379480033118e+00
4.843963593036640702e+01,7.051395159242174770e+01,8.995253379480033118e+00
5.492774408121452012e+01,7.677013112738005418e+01,8.995253379480033118e+00
5.577828845847479755e+01,7.686178510768013439e+01,8.995253379480033118e+00
6.487579267593977761e+01,8.295408375733696005e+01,8.995253379480033118e+00
6.897788981587692092e+01,8.345789413878732432e+01,8.995253379480033118e+00
5.980417382837007523e+01,8.105277085965138895e+01,8.995253379480033118e+00
5.745942043292386359e+01,7.296588448558973994e+01,8.995253379480033118e+00
5.060600920838216155e+01,6.305675289320488730e+01,8.995253379480033118e+00
6.074520357732255604e+01,6.923794501230617016e+01,8.995253379480033118e+00
3.463337287470392312e+01,5.561238999565857455e+01,8.995253379480033118e+00
4.553241144077110647e+01,6.063562988225402961e+01,8.995253379480033118e+00
6.386250743476034586e+01,8.361925132715305153e+01,8.995253379480033118e+00
3.809080973694028671e+01,6.155257549418217167e+01,8.995253379480033118e+00
4.474813266451976546e+01,6.939592908179049857e+01,8.995253379480033118e+00
4.080791219498927092e+01,6.625970059509040766e+01,8.995253379480033118e+00
8.446657062569799734e+01,8.992697573672788280e+01,8.995253379480033118e+00
3.915839306690694599e+01,6.482478527718576800e+01,8.995253379480033118e+00
3.621230097572934881e+01,5.760191920080476535e+01,8.995253379480033118e+00
4.622285467730043251e+01,6.974036783367866121e+01,8.995253379480033118e+00
4.563623517711347688e+01,7.337870649267500767e+01,8.995253379480033118e+00
4.644471483407325962e+01,6.870328506763523535e+01,8.995253379480033118e+00
4.251817088128397870e+01,6.839299786074869303e+01,8.995253379480033118e+00
4.667186663897994947e+01,6.857948317691351292e+01,8.995253379480033118e+00
6.266752227771571881e+01,8.305220510805720835e+01,8.995253379480033118e+00
4.649885674305564720e+01,7.042519208217643722e+01,8.921440312933526684e+00
4.461470532771401309e+01,7.297704769317026319e+01,8.921440312933526684e+00
4.794126459966933851e+01,7.649658513365760371e+01,8.921440312933526684e+00
3.360279916740840633e+01,5.330378336948915319e+01,8.921440312933526684e+00
5.031979670658247983e+01,6.504740212945843325e+01,8.921440312933526684e+00
5.635710430292765238e+01,7.109090997974875847e+01,8.921440312933526684e+00
4.813864414173417572e+01,7.104507376634823856e+01,8.921440312933526684e+00
5.037083810481310309e+01,7.373448529193186118e+01,8.921440312933526684e+00
9.150830543976353226e+01,9.103964043707391340e+01,8.921440312933526684e+00
7.542270969033310735e+01,8.623405038064545636e+01,8.921440312933526684e+00
5.288830076605072605e+01,6.719249916675705947e+01,8.921440312933526684e+00
6.629024678699177286e+01,8.646168390114146973e+01,8.921440312933526684e+00
5.698242044103331949e+01,7.967430198245767770e+01,8.921440312933526684e+00
3.071424213697916272e+01,5.933765615129757265e+01,8.549637119835566068e+00
5.852822860679445682e+01,8.013948687936100157e+01,8.549637119835566068e+00
7.560789882894940206e+01,8.672244514854557451e+01,8.549637119835566068e+00
5.180618546370912725e+01,7.817414529390120492e+01,8.549637119835566068e+00
5.898221409875429799e+01,7.941555353051833777e+01,8.318053672078434602e+00
3.139040155998600312e+01,5.197483750076142428e+01,8.318053672078434602e+00
4.087590085546220564e+01,6.453106159589594881e+01,8.318053672078434602e+00
4.795708854105655661e+01,7.246693467670166910e+01,8.318053672078434602e+00
4.581992860596702855e+01,7.412378676140330924e+01,8.318053672078434602e+00
5.837694205380789469e+01,8.268762619260013480e+01,8.318053672078434602e+00
5.407733761312821485e+01,7.700677373918273361e+01,8.318053672078434602e+00
4.986095558471945566e+01,7.667711005531404567e+01,8.318053672078434602e+00
5.910549088412475527e+01,7.569174576617230343e+01,8.318053672078434602e+00
6.575181881883069934e+01,7.281913678467050488e+01,8.024680643222396270e+00
4.314019846131962055e+01,6.396600376477562122e+01,8.024680643222396270e+00
6.305444720659365743e+01,8.167017501493099019e+01,8.024680643222396270e+00
4.922585461061152046e+01,6.645261924138303300e+01,7.981552451588328267e+00
5.337761267291739387e+01,6.831464004962387548e+01,7.981552451588328267e+00
4.125808441276029725e+01,6.658046715087434109e+01,7.981552451588328267e+00
4.439960642700741289e+01,6.863028988614647119e+01,7.981552451588328267e+00
4.746040098692340337e+01,7.454538941341199632e+01,7.981552451588328267e+00
6.346342500354969474e+01,8.542716322589120637e+01,7.981552451588328267e+00
5.107103020405195082e+01,7.571216058808849425e+01,7.981552451588328267e+00
5.411863443518715400e+01,7.905028563443580936e+01,7.836817047877829623e+00
5.629280582247220366e+01,8.103777133594753934e+01,7.836817047877829623e+00
4.500475893129905103e+01,6.498799451977724573e+01,7.836817047877829623e+00
6.555390234948978900e+01,7.962935695199246311e+01,7.836817047877829623e+00
4.838813446558151554e+01,7.297865406115549547e+01,7.836817047877829623e+00
4.050105105140407602e+01,6.754959635732276979e+01,7.836817047877829623e+00
4.731212606891819661e+01,7.384956840499296504e+01,7.836817047877829623e+00
4.071127905074526865e+01,6.773940327503115100e+01,7.836817047877829623e+00
4.307116077889524064e+01,6.662361344875384361e+01,7.836817047877829623e+00
5.136332997628666419e+01,7.248242018199243830e+01,7.836817047877829623e+00
5.180837122214477120e+01,6.703602973553812205e+01,7.834721041990363233e+00
4.743268965749779653e+01,7.142705171343099835e+01,7.831692230734603299e+00
6.229515821911397921e+01,7.986849182142354664e+01,7.831692230734603299e+00
4.742567343930790713e+01,7.165090208744223332e+01,7.831692230734603299e+00
5.740435206605548046e+01,8.223078526149033962e+01,7.831692230734603299e+00
4.213895133128572468e+01,6.763639110019208545e+01,7.785598373566045893e+00
3.656668794383574550e+01,6.343201130719209146e+01,7.785598373566045893e+00
5.833882633956569919e+01,8.160325732765782902e+01,7.785598373566045893e+00
4.608773135894137596e+01,7.738899961053783727e+01,7.785598373566045893e+00
5.268606730640651392e+01,7.519185687796279183e+01,7.785598373566045893e+00
6.052224172534351965e+01,7.985425726797932100e+01,7.785598373566045893e+00
4.666415120197808619e+01,7.078197630946044683e+01,7.785598373566045893e+00
2.575127350557381334e+01,5.021538853064070906e+01,7.785598373566045893e+00
4.870783952243452575e+01,7.528165632504608595e+01,7.785598373566045893e+00
4.080845079656279495e+01,7.009507134945931739e+01,7.785598373566045893e+00
6.217691985685652156e+01,8.677153652569450060e+01,7.785598373566045893e+00
4.084631280387187502e+01,6.536015388689159522e+01,7.372045282477216688e+00
5.006617987386497504e+01,7.215144356493698297e+01,7.372045282477216688e+00
4.427619711735952279e+01,7.031892928020440081e+01,6.668463838309918401e+00
4.483209466253185838e+01,7.643483826414109217e+01,6.668463838309918401e+00
5.128613692840908556e+01,8.008778176926669801e+01,6.668463838309918401e+00
4.027981768734242252e+01,6.592812602160400104e+01,6.668463838309918401e+00
4.597888653004774540e+01,7.380112857239947743e+01,6.668463838309918401e+00
4.902812580152264843e+01,7.120454370064551597e+01,6.668463838309918401e+00
4.556112333624308519e+01,6.661304980619199512e+01,6.668463838309918401e+00
7.113854400807090883e+01,8.370152508767820621e+01,6.623337657033431469e+00
4.644086410269468246e+01,7.558018171381411321e+01,6.623337657033431469e+00
5.529777247138051877e+01,8.208713162507005734e+01,6.534550010482476523e+00
4.702953443408456735e+01,6.922714622441181120e+01,6.534550010482476523e+00
6.838198433316252078e+01,7.997464768647530775e+01,6.534550010482476523e+00
4.353486960691682128e+01,7.029870784298135789e+01,6.534550010482476523e+00
5.340761318088190990e+01,8.093936573248808486e+01,6.534550010482476523e+00
4.969854091407968610e+01,7.835750139863320385e+01,6.461372156963022917e+00
4.120388323257370899e+01,6.642185647548005534e+01,6.461372156963022917e+00
4.021062713279570033e+01,6.387339819900527260e+01,6.461372156963022917e+00
4.025226996128316870e+01,6.053336831997708600e+01,6.461372156963022917e+00
3.924406717693392466e+01,6.510572893108222559e+01,6.461372156963022917e+00
3.472146292997094719e+01,6.046738743273373018e+01,6.461372156963022917e+00
4.777943038802287390e+01,7.252172183603386202e+01,6.461372156963022917e+00
4.905322639860148826e+01,7.411744679435317096e+01,6.461372156963022917e+00
4.216650103078789158e+01,6.974738375189755857e+01,6.461372156963022917e+00
3.533840143092947983e+01,6.645134847346895413e+01,6.461372156963022917e+00
4.158443076016455109e+01,7.065955236438502141e+01,6.065698257017132278e+00
4.067096131849977070e+01,6.920587252366735243e+01,6.065698257017132278e+00
3.459132671134410941e+01,6.081045535009396019e+01,6.065698257017132278e+00
3.311762775206703679e+01,6.142953423607913521e+01,6.065698257017132278e+00
6.038480824547294645e+01,8.266017069459756783e+01,6.065698257017132278e+00
5.032012066288893237e+01,7.498317439642710269e+01,6.065698257017132278e+00
4.027677304657733970e+01,6.938904361366434159e+01,6.065698257017132278e+00
3.489174823357456035e+01,5.957751028379951208e+01,6.065698257017132278e+00
5.459645391267120118e+01,7.816992042174126709e+01,6.065698257017132278e+00
4.344482315878966716e+01,6.777074612190423863e+01,6.065698257017132278e+00
4.679464434962760322e+01,7.450036819878701522e+01,6.065698257017132278e+00
5.902750862513344288e+01,8.103647224828247886e+01,6.065698257017132278e+00
4.546708405361916050e+01,7.450889343589749103e+01,6.065698257017132278e+00
4.576474723178539250e+01,7.436810226447916250e+01,6.065698257017132278e+00
4.855926220316545994e+01,7.378886003558335460e+01,6.065698257017132278e+00
5.238879239315942726e+01,7.795345853497396149e+01,6.065698257017132278e+00
4.520407799469121812e+01,6.997825610896327930e+01,6.065698257017132278e+00
4.258225370834269086e+01,6.994251886294064491e+01,6.065698257017132278e+00
3.678165243230355230e+01,6.512125363043992365e+01,6.065698257017132278e+00
4.269297604471288565e+01,6.973924294618436193e+01,5.768746433962547826e+00
3.470091749236065937e+01,6.652613167508017966e+01,5.768746433962547826e+00
4.045268792706345806e+01,7.087945977823356714e+01,5.147515305722720313e+00
7.447323027046203947e+01,8.446417419863169584e+01,5.147515305722720313e+00
5.590279465164091732e+01,8.359011823380991757e+01,5.147515305722720313e+00
6.171107362831080678e+01,7.734787194767568508e+01,5.147515305722720313e+00
4.365253662315636518e+01,6.911878620524264250e+01,5.147515305722720313e+00
3.937876681336933160e+01,7.026238022034466724e+01,5.147515305722720313e+00
4.985041801367006542e+01,7.823608113862903224e+01,5.147515305722720313e+00
6.197348181056368333e+01,8.694038665184021397e+01,5.147515305722720313e+00
3.966268185476651809e+01,6.634238262107035666e+01,5.147515305722720313e+00
4.108274181470495989e+01,6.641256515902330193e+01,5.147515305722720313e+00
4.338815316003520195e+01,7.168514163674605300e+01,5.147515305722720313e+00
4.168418087777555314e+01,7.440356045748561087e+01,5.147515305722720313e+00
3.094239445970961810e+01,5.802637337273622364e+01,5.147515305722720313e+00
5.564948114022778469e+01,7.957627261369621863e+01,5.147515305722720313e+00
2.967423300148598742e+01,4.687835935360463679e+01,5.147515305722720313e+00
3.766383037270941259e+01,6.436505586066269302e+01,5.147515305722720313e+00
4.731689892033767109e+01,7.974256721679677185e+01,5.147515305722720313e+00
4.535491820755881776e+01,7.266557336773846032e+01,5.140610781545476016e+00
3.066918776878260289e+01,6.147718297803346843e+01,4.861559346676344262e+00
4.372507638340344727e+01,7.257983638775839097e+01,4.861559346676344262e+00
4.267335718981124870e+01,7.479904393578370048e+01,4.861559346676344262e+00
4.830838030732041233e+01,7.994305859359157296e+01,4.861559346676344262e+00
3.206039799988938910e+01,6.410755654052043440e+01,4.861559346676344262e+00
4.269949427953726229e+01,7.130002064979514387e+01,4.861559346676344262e+00
3.112022457349706883e+01,6.316246637203688863e+01,4.861559346676344262e+00
4.238559564499229992e+01,7.388275976877288542e+01,4.861559346676344262e+00
4.439308751465709690e+01,7.482876232205896372e+01,4.861559346676344262e+00
6.722085519593797187e+01,8.768482782047702528e+01,4.861559346676344262e+00
4.684488238638293467e+01,7.386508471705943180e+01,4.861559346676344262e+00
3.872658090443322010e+01,7.125310743474877029e+01,4.861559346676344262e+00
5.630360327044341773e+01,8.391189811737730508e+01,4.799773256570176727e+00
5.418702649469499022e+01,7.992283206694642672e+01,4.799773256570176727e+00
5.407592992218633299e+01,8.441583061328857696e+01,4.799773256570176727e+00
4.273479832900979858e+01,7.215719064957021089e+01,4.799773256570176727e+00
3.988424277880734081e+01,6.854511353078966351e+01,4.799773256570176727e+00
5.041964807841114293e+01,7.944596648797218563e+01,4.799773256570176727e+00
7.169288318544761296e+01,8.820024111598716843e+01,4.799773256570176727e+00
5.038556033775272169e+01,8.075897694534336324e+01,4.799773256570176727e+00
5.889298269672447361e+01,8.696885879561543220e+01,4.799773256570176727e+00
4.619758764650548244e+01,7.742440564389789870e+01,4.799773256570176727e+00
4.542283703615085955e+01,7.450110201263969145e+01,4.799773256570176727e+00
6.086845444881794265e+01,7.250375068292800051e+01,4.799773256570176727e+00
7.679505345188768217e+01,8.580106785056938179e+01,4.799773256570176727e+00
3.949337147354462729e+01,7.079287114610902165e+01,4.799773256570176727e+00
5.251124882905178026e+01,8.049511752869565839e+01,4.799773256570176727e+00
3.996374080876879020e+01,7.242552399345252923e+01,4.799773256570176727e+00
5.209108277957520983e+01,7.783450881933744370e+01,4.799773256570176727e+00
3.668381166016672523e+01,6.637675501699692404e+01,4.799773256570176727e+00
4.281849081332031659e+01,7.112547587828269968e+01,4.799773256570176727e+00
5.371495538646274781e+01,8.240520949771467940e+01,4.749105537992392101e+00
5.127542831462053385e+01,7.942525910689130342e+01,4.749105537992392101e+00
4.173999601482538679e+01,7.612894769394603145e+01,4.749105537992392101e+00
5.517305293076289985e+01,8.685376088047141252e+01,4.749105537992392101e+00
4.424258444009090852e+01,7.383233197847907547e+01,4.749105537992392101e+00
4.687490462674036706e+01,8.262326369495289669e+01,4.700682465470237048e+00
3.917925771937075297e+01,7.304386524751890875e+01,4.700682465470237048e+00
4.280223338501259889e+01,7.585227277876880692e+01,4.700682465470237048e+00
5.318605655223640127e+01,8.337422733487915139e+01,4.700682465470237048e+00
4.028614595590480718e+01,7.221562355268633837e+01,4.700682465470237048e+00
4.972919754534683534e+01,7.828138233484371256e+01,4.700682465470237048e+00
4.163644851922222045e+01,7.454819218362996480e+01,4.700682465470237048e+00
4.281799359441490793e+01,7.256906983791526500e+01,4.700682465470237048e+00
6.069220286244537732e+01,8.810160140267257134e+01,4.700682465470237048e+00
4.447852144246936490e+01,7.369454561428257477e+01,4.700682465470237048e+00
5.505200636270733128e+01,8.189111833850638789e+01,4.700682465470237048e+00
5.569601200183240053e+01,8.312679586301022994e+01,4.700682465470237048e+00
3.443265400156987255e+01,6.368811332035694761e+01,4.700682465470237048e+00
3.510571377706205709e+01,6.936486808124863046e+01,4.700682465470237048e+00
5.766424793567127693e+01,8.290899292370998808e+01,4.700682465470237048e+00
5.762317620613248437e+01,7.289590204507652516e+01,4.700682465470237048e+00
4.883611505339725056e+01,8.033647048165398985e+01,4.700682465470237048e+00
5.621843807148252381e+01,8.643497597995890658e+01,4.700682465470237048e+00
5.945972732219401991e+01,8.423997380233672061e+01,4.700682465470237048e+00
4.245732762222816348e+01,7.312686179698434330e+01,4.700682465470237048e+00
5.000386927113027014e+01,7.766655758380323959e+01,4.700682465470237048e+00
4.012945334847895396e+01,7.539858421192822391e+01,4.700682465470237048e+00
5.013396653591716756e+01,7.444654808385595857e+01,4.700682465470237048e+00
7.758257194413972968e+01,8.756739955069009795e+01,4.700682465470237048e+00
6.659773932567890142e+01,7.384450664183374613e+01,4.700682465470237048e+00
5.169523038078830268e+01,7.909732407654682618e+01,4.700682465470237048e+00
5.349702597705947937e+01,8.392197905994656537e+01,4.700682465470237048e+00
4.773968818262064673e+01,8.147997609220070103e+01,4.700682465470237048e+00
4.011028666804758558e+01,7.814543842403080021e+01,4.700682465470237048e+00
6.058836530027038236e+01,8.830265907340861986e+01,4.700682465470237048e+00
5.053476212798192080e+01,7.758651738849668789e+01,4.700682465470237048e+00
4.850403321021746450e+01,7.510301007102958692e+01,4.700682465470237048e+00
4.592211771940718990e+01,7.522709851145869209e+01,4.700682465470237048e+00
5.420053911273801361e+01,8.595406853456118768e+01,4.700682465470237048e+00
4.778244407731526167e+01,8.024906326754236829e+01,4.693577551615575771e+00
4.473955293127668398e+01,7.808214871578169891e+01,4.693577551615575771e+00
4.125633428170704065e+01,6.782373403677542001e+01,4.657378781299570392e+00
5.435362397675928747e+01,7.383062183511951559e+01,4.657378781299570392e+00
4.857228528752926167e+01,7.519158657233383281e+01,4.657378781299570392e+00
3.323107751830209367e+01,6.153680537884993385e+01,4.657378781299570392e+00
3.639119676037396545e+01,6.856134875153318831e+01,4.657378781299570392e+00
4.033395281961579570e+01,7.175152851524464381e+01,4.657378781299570392e+00
5.124438336214964096e+01,8.268895043191342609e+01,4.657378781299570392e+00
3.556718194787545428e+01,6.254891732543457294e+01,4.657378781299570392e+00
4.586707213936657013e+01,7.842093560786577200e+01,4.657378781299570392e+00
5.348331514313936452e+01,8.220815209787429012e+01,4.657378781299570392e+00
4.552903597173602890e+01,7.647413495459672106e+01,4.657378781299570392e+00
4.880858099994515698e+01,7.605413982863788647e+01,4.657378781299570392e+00
4.500299948653573523e+01,7.551689561367210501e+01,4.657378781299570392e+00
4.557986978772051856e+01,7.051323567577510687e+01,4.657378781299570392e+00
6.036142296327280832e+01,8.546356187150587402e+01,4.657378781299570392e+00
5.779796231762222902e+01,8.459964926605897517e+01,4.657378781299570392e+00
4.469101960567279974e+01,7.319115352578644718e+01,4.657378781299570392e+00
5.129078691556626524e+01,7.967884614872789939e+01,4.657378781299570392e+00
6.010771706180216967e+01,8.898255627043756988e+01,4.657378781299570392e+00
4.508457197103119540e+01,7.362690076619831814e+01,4.657378781299570392e+00
3.281733661027585924e+01,6.475358952375249544e+01,4.657378781299570392e+00
4.542516620756918400e+01,7.683146243378278939e+01,4.657378781299570392e+00
4.979361253043382618e+01,8.426514416970012178e+01,4.657378781299570392e+00
4.619634626989614645e+01,8.077137940011276385e+01,4.657378781299570392e+00
5.668111848869549618e+01,8.444615257628977645e+01,4.657378781299570392e+00
6.700380145481530292e+01,8.994357739186277456e+01,4.657378781299570392e+00
4.059955354732230859e+01,6.912078217287250936e+01,4.657378781299570392e+00
4.112456796754617727e+01,6.841905460842831133e+01,4.657378781299570392e+00
2.755827447703944699e+01,5.854716419669369998e+01,4.657378781299570392e+00
4.885948384237809705e+01,8.054185440666678630e+01,4.657378781299570392e+00
4.773736817410730993e+01,8.025354510029227129e+01,4.657378781299570392e+00
4.663265517853367470e+01,7.885378140864787611e+01,4.657378781299570392e+00
4.218041154537448989e+01,6.809747599737055168e+01,4.657378781299570392e+00
4.501613733976838461e+01,7.571014101407780572e+01,4.657378781299570392e+00
4.193136779440760620e+01,7.229063212998303811e+01,4.657378781299570392e+00
4.061907032934733763e+01,7.359105347469638048e+01,4.657378781299570392e+00
5.442364998432149292e+01,8.509890857823474164e+01,4.657378781299570392e+00
4.583564943746823417e+01,7.773367609857935179e+01,4.657378781299570392e+00
4.205477633659164383e+01,7.381037198172069225e+01,4.657378781299570392e+00
4.597432149909890597e+01,7.579737054783986139e+01,4.657378781299570392e+00
4.445272472463216218e+01,7.623879523741618414e+01,4.657378781299570392e+00
4.444641961022782795e+01,8.163172245260672355e+01,4.657378781299570392e+00
5.715638163155126961e+01,8.799475892984931136e+01,4.657251680898852442e+00
6.004240397081663616e+01,8.223296359028790903e+01,4.657251680898852442e+00
3.871769292096388426e+01,6.893791018429337214e+01,4.657251680898852442e+00
6.170706643962768112e+01,8.865834614216478826e+01,4.657251680898852442e+00
5.163695991737525759e+01,7.226837803758004952e+01,4.657251680898852442e+00
5.089628932996711086e+01,8.184334190739645010e+01,4.657251680898852442e+00
5.121320107498964092e+01,8.158831520497062684e+01,4.657251680898852442e+00
5.606770850298951103e+01,8.084936708011424855e+01,4.657251680898852442e+00
3.361666628680425362e+01,6.708887254822711554e+01,4.657251680898852442e+00
6.602061515979913509e+01,8.929423354348355701e+01,4.523379897361095914e+00
4.755499971308739049e+01,7.579212471104392534e+01,4.523379897361095914e+00
3.593514597180016068e+01,6.792916663269353705e+01,4.523379897361095914e+00
5.156889441306530131e+01,8.616147595891231958e+01,4.523379897361095914e+00
5.009940916544974954e+01,8.135984221091533186e+01,4.523379897361095914e+00
5.809693996380654113e+01,8.729353671946716986e+01,4.193155303100937203e+00
4.800442858697621062e+01,8.173831068588161486e+01,4.193155303100937203e+00
6.194549174632360433e+01,8.757028439605498704e+01,4.193155303100937203e+00
5.277627908336061324e+01,8.579412404094858857e+01,4.193155303100937203e+00
4.559831394532594828e+01,7.778948269148527572e+01,4.193155303100937203e+00
4.064969040326539584e+01,7.224039350142749072e+01,4.193155303100937203e+00
4.130366833630878176e+01,7.388937016107040279e+01,4.193155303100937203e+00
5.699589555890304382e+01,8.590575392747359729e+01,4.193155303100937203e+00
4.184505483096081946e+01,7.663771199034005122e+01,4.193155303100937203e+00
3.222880195954134308e+01,6.731007363495091056e+01,4.193155303100937203e+00
2.833807775750803870e+01,5.904931950189040890e+01,4.193155303100937203e+00
4.372418416668782726e+01,7.838050354999877811e+01,4.193155303100937203e+00
3.742643548403282239e+01,7.271305200304166760e+01,4.193155303100937203e+00
4.489251417770348951e+01,7.877975944025622823e+01,4.193155303100937203e+00
4.972798020245954831e+01,8.495081636802824221e+01,4.193155303100937203e+00
4.857714419313457199e+01,8.150269778125192488e+01,4.193155303100937203e+00
6.078064751891226081e+01,8.781755915332414020e+01,4.193155303100937203e+00
6.079849594622048414e+01,9.040456293050164049e+01,4.193155303100937203e+00
5.106509381860122687e+01,8.282956397320668884e+01,4.171670715179359945e+00
2.691228878856246709e+01,5.756476205251055234e+01,4.171670715179359945e+00
5.206096630714430518e+01,8.293103728514591921e+01,4.171670715179359945e+00
6.025344790960546248e+01,8.639785308967091737e+01,4.171670715179359945e+00
8.154381635116672555e+01,1.051506127146126488e+02,4.171670715179359945e+00
5.022613576435948346e+01,7.852053629898499310e+01,4.171670715179359945e+00
4.921829510389012086e+01,8.103579962988762020e+01,4.171670715179359945e+00
5.740368799126006394e+01,8.376292565407140955e+01,4.171670715179359945e+00
4.735824914450699907e+01,8.024926291871268802e+01,4.171670715179359945e+00
4.907676181551395445e+01,7.829203443992589939e+01,4.171670715179359945e+00
6.301966767274281978e+01,8.409476193771698149e+01,4.165735164428141957e+00
4.444474826927338995e+01,7.859115295041981142e+01,4.165735164428141957e+00
4.837289022076332401e+01,8.150966448749619531e+01,4.165735164428141957e+00
6.011939939347926298e+01,8.842851371617486222e+01,4.165735164428141957e+00
4.456187262639827651e+01,7.920083133924437391e+01,4.165735164428141957e+00
4.192386396641080637e+01,7.745846128240413009e+01,4.056909725685898138e+00
4.558495609622502798e+01,7.910351597011027991e+01,4.056909725685898138e+00
5.491475372513146880e+01,8.739372553624897932e+01,4.056909725685898138e+00
5.615872863513082081e+01,8.683759358872997325e+01,4.056909725685898138e+00
4.004217277631754257e+01,7.620060405058876540e+01,4.056909725685898138e+00
3.152746299710812394e+01,5.780606105745274448e+01,4.056909725685898138e+00
6.006791717672322051e+01,8.794648177678192269e+01,4.056909725685898138e+00
6.351128517221697933e+01,8.920878428280170169e+01,4.056909725685898138e+00
6.788376058499184751e+01,9.120140387563959905e+01,3.923655539537335812e+00
4.856836171676908265e+01,7.820719518588532537e+01,3.923655539537335812e+00
5.383657506526255787e+01,8.644977910447865099e+01,3.923655539537335812e+00
5.759929605304180456e+01,8.676969192160824207e+01,3.923655539537335812e+00
4.024719247025946345e+01,7.485654123665936766e+01,3.923655539537335812e+00
5.061445229581138250e+01,8.222095468326787682e+01,3.923655539537335812e+00
7.355195169557319446e+01,9.128733707503509720e+01,3.923655539537335812e+00
5.080457676061786998e+01,8.559968975755275267e+01,3.923655539537335812e+00
4.826807009808964466e+01,8.089482044421355056e+01,3.923655539537335812e+00
4.441385803993490811e+01,7.684116686410935415e+01,3.923655539537335812e+00
4.398722767714401982e+01,7.398913580553110592e+01,3.923655539537335812e+00
5.571564163414241477e+01,9.006823526208884800e+01,3.923655539537335812e+00
4.720961440397407216e+01,7.980851299429306778e+01,3.923655539537335812e+00
3.965184372172715399e+01,7.418930677072799540e+01,3.923655539537335812e+00
4.798182902435500807e+01,7.986658476611727053e+01,3.923655539537335812e+00
3.179339694633453206e+01,6.286136213933842498e+01,3.923655539537335812e+00
5.810375894302453759e+01,8.894346344748093713e+01,3.923655539537335812e+00
5.113195431735640284e+01,7.709157817576401328e+01,3.923655539537335812e+00
4.055654954807338441e+01,7.007787721091305855e+01,3.923655539537335812e+00
4.669574163647407516e+01,8.266020697038656806e+01,3.923655539537335812e+00
3.964265148604278011e+01,6.689674077043480338e+01,3.923655539537335812e+00
5.455834666645430531e+01,8.560201937715517317e+01,3.923655539537335812e+00
2.714728008409791826e+01,5.784853397505550276e+01,3.923655539537335812e+00
4.572574023870775051e+01,7.824845399902822862e+01,3.923655539537335812e+00
4.976840223211717529e+01,8.308932859152135109e+01,3.923655539537335812e+00
6.182360873220788022e+01,9.361333412002605314e+01,3.923655539537335812e+00
4.341446565123003154e+01,7.909283330083913199e+01,3.923655539537335812e+00
5.855432468485715702e+01,8.917597479510303060e+01,3.923655539537335812e+00
5.627111887952304414e+01,8.477688613462692047e+01,3.923655539537335812e+00
5.383744240635660105e+01,8.538427566542929981e+01,3.923655539537335812e+00
4.643264616754787255e+01,8.041354267486688912e+01,3.923655539537335812e+00
6.533114084579949576e+01,9.267537554382312237e+01,3.923655539537335812e+00
4.661960822435040797e+01,8.140493873145186399e+01,3.923655539537335812e+00
2.865238984254721544e+01,6.001414298309027373e+01,3.923655539537335812e+00
8.733621159616618002e+01,9.611642070418611183e+01,3.923655539537335812e+00
6.313625064469817971e+01,9.435655365764650071e+01,3.923655539537335812e+00
3.388804944559772281e+01,6.540414814953206246e+01,3.923655539537335812e+00
4.241719214719559261e+01,7.665468788482185403e+01,3.923655539537335812e+00
4.766711953080154274e+01,8.192449253720374713e+01,3.923655539537335812e+00
6.233369195228296888e+01,9.145210201248963244e+01,3.923655539537335812e+00
5.797573213682928639e+01,7.721977667384526001e+01,3.923655539537335812e+00
5.978347338260211785e+01,7.699326866557713345e+01,3.923655539537335812e+00
2.822748185810326049e+01,6.032979987193527194e+01,3.923655539537335812e+00
5.084279770045856139e+01,8.305689781064766919e+01,3.923655539537335812e+00
4.391309243219644998e+01,7.826593659260535674e+01,3.923655539537335812e+00
5.878403611539867768e+01,9.209531026949721877e+01,3.923655539537335812e+00
4.378510703963235073e+01,7.473423202554863565e+01,3.923655539537335812e+00
5.883807190220822747e+01,8.817564050185525559e+01,3.923655539537335812e+00
5.384180151136828130e+01,8.687894980274818124e+01,3.923655539537335812e+00
3.644932216975004025e+01,6.619286658173217575e+01,3.923655539537335812e+00
3.610209651580269963e+01,7.563855440494950244e+01,3.923655539537335812e+00
4.684936487007711037e+01,7.707775656673885578e+01,3.923655539537335812e+00
4.585514634896064479e+01,8.035693782304016963e+01,3.923655539537335812e+00
5.660469746866338170e+01,8.267431171098449738e+01,3.923655539537335812e+00
3.983239298275459817e+01,6.947184664422155720e+01,3.923655539537335812e+00
5.089871057267701815e+01,8.137389150180668196e+01,3.923655539537335812e+00
3.870969708040578894e+01,7.116036322560235305e+01,3.923655539537335812e+00
5.770516881510327778e+01,8.992686051121847868e+01,3.923655539537335812e+00
3.475711798678907627e+01,7.129423239270339252e+01,3.923655539537335812e+00
4.489483637668593019e+01,8.110840465192315207e+01,3.923655539537335812e+00
3.954027058042488818e+01,7.433789240515099550e+01,3.923655539537335812e+00
5.898469062527723139e+01,8.085512360797837061e+01,3.923655539537335812e+00
5.500781494077020994e+01,7.887281690063309725e+01,3.923655539537335812e+00
4.723725458894783458e+01,7.867875400393921836e+01,3.923655539537335812e+00
4.750686767130937227e+01,7.685086444327130550e+01,3.923655539537335812e+00
3.721304185597195158e+01,7.302678203702276960e+01,3.923655539537335812e+00
5.205138880650995503e+01,8.440236312868563573e+01,3.923655539537335812e+00
3.599099023932450336e+01,7.246811302712200131e+01,3.923655539537335812e+00
4.820178808073883658e+01,7.933595595367090425e+01,3.923655539537335812e+00
5.474048435648133903e+01,8.587915421397825355e+01,3.923655539537335812e+00
5.067386956219925054e+01,8.210799238406318068e+01,3.923655539537335812e+00
5.377324868496259569e+01,8.761208991572713956e+01,3.923655539537335812e+00
6.301093882105173805e+01,8.748048449334521592e+01,3.923655539537335812e+00
3.627808818477894448e+01,7.389646142865900913e+01,3.923655539537335812e+00
3.299598589252061487e+01,7.089699593459944538e+01,3.923655539537335812e+00
3.606558876861506491e+01,7.187577341125798114e+01,3.923655539537335812e+00
5.484676365807672482e+01,8.923845183490696797e+01,3.923655539537335812e+00
4.005261103716490823e+01,7.594599374555279780e+01,3.913317945436816103e+00
5.778865560389772327e+01,9.003653530167908059e+01,3.913317945436816103e+00
4.057720039293823078e+01,7.384388094138780900e+01,3.913317945436816103e+00
5.076818316395165454e+01,8.134082147147674391e+01,3.913317945436816103e+00
6.014077517831701414e+01,9.150093365179969851e+01,3.825783594132943222e+00
4.498116219349743261e+01,7.625480081513792641e+01,3.825783594132943222e+00
3.031033391904243857e+01,6.732494564207821952e+01,3.825783594132943222e+00
5.482868637509309195e+01,8.694447060708094455e+01,3.825783594132943222e+00
5.689112467093883652e+01,8.552311033609026936e+01,3.825783594132943222e+00
3.587989765258880936e+01,7.420432419319526218e+01,3.825783594132943222e+00
5.631156861450049433e+01,8.591760201132372288e+01,3.825783594132943222e+00
4.006310992060359411e+01,7.398086978344042564e+01,3.825783594132943222e+00
5.144783424986977849e+01,8.101978805041062515e+01,3.825783594132943222e+00
6.133075168954773204e+01,8.921137817418704685e+01,3.825783594132943222e+00
3.358409588947712621e+01,5.932841254450877244e+01,3.825783594132943222e+00
4.623883599823736290e+01,7.244130227867852057e+01,3.732629330560300218e+00
4.463046267328950734e+01,8.017860349830337441e+01,3.732629330560300218e+00
5.353410163259913901e+01,8.683407503864290788e+01,3.732629330560300218e+00
5.291383727280934579e+01,8.644258834342295472e+01,3.732629330560300218e+00
3.011349806776967242e+01,6.364196967319436737e+01,3.732629330560300218e+00
4.603002398777294957e+01,8.000212666973001774e+01,3.732629330560300218e+00
4.592407092619799869e+01,8.197654743029400493e+01,3.732629330560300218e+00
4.784612559354995653e+01,8.164467713041096886e+01,3.732629330560300218e+00
4.437764662385198022e+01,7.832617377521101787e+01,3.732629330560300218e+00
5.696196576508960163e+01,8.792237426783587750e+01,3.732629330560300218e+00
4.386511049075964053e+01,7.565127492098437756e+01,3.732629330560300218e+00
5.532095647040289066e+01,8.707099033532961130e+01,3.732629330560300218e+00
4.495225537371212710e+01,7.643576299988053790e+01,3.732629330560300218e+00
5.165158161254280600e+01,8.511861566421922021e+01,3.732629330560300218e+00
4.725996678548963104e+01,8.075135224588865412e+01,3.732629330560300218e+00
3.803320287654862142e+01,7.607357247379343335e+01,3.732629330560300218e+00
4.833508732050071188e+01,8.061354900482885455e+01,3.732629330560300218e+00
4.539784937321491043e+01,7.633462498697309684e+01,3.732629330560300218e+00
5.872603338273745521e+01,8.933087195028628003e+01,3.732629330560300218e+00
6.003742041010623609e+01,9.223975264514741923e+01,3.732629330560300218e+00
5.696717411740468151e+01,8.599997011464492402e+01,3.732629330560300218e+00
4.208928697781120576e+01,7.565185092742778750e+01,3.732417838370238883e+00
5.951588829097595124e+01,9.030276427421090091e+01,3.732417838370238883e+00
5.830610436373683569e+01,8.565672040239596186e+01,3.732417838370238883e+00
6.477155700302141383e+01,8.950436162659853778e+01,3.732417838370238883e+00
5.244807276542424290e+01,8.399912109849954334e+01,3.732417838370238883e+00
4.321155464322756501e+01,7.930112870571696249e+01,3.732417838370238883e+00
4.313949939650566279e+01,7.866268100272453978e+01,3.732417838370238883e+00
3.844335541518495347e+01,7.154046508237600221e+01,3.732417838370238883e+00
4.407504221108035836e+01,7.414780388484953733e+01,3.732417838370238883e+00
5.031875433939885767e+01,8.330288423150298627e+01,3.732417838370238883e+00
4.906779950463680962e+01,8.398911894066240791e+01,3.732417838370238883e+00
4.480579933487452138e+01,7.863181174842661392e+01,3.732417838370238883e+00
4.623305672389036403e+01,7.650255581023877482e+01,3.732417838370238883e+00
4.578064360390404630e+01,7.633475650775794463e+01,3.732417838370238883e+00
3.454794516163460827e+01,7.101276292258124556e+01,3.732417838370238883e+00
3.562693288397894520e+01,6.861852436766388053e+01,3.732417838370238883e+00
5.232921741097565160e+01,8.499121615958028997e+01,3.732417838370238883e+00
4.432890829690066425e+01,7.652451352030468001e+01,3.732417838370238883e+00
4.425921280239403188e+01,7.510836550291077174e+01,3.732417838370238883e+00
4.869937524529728279e+01,7.826222581546245749e+01,3.732417838370238883e+00
4.969330430997299430e+01,7.621253253620875512e+01,3.732417838370238883e+00
5.506778308617082018e+01,8.687745165828809490e+01,3.732417838370238883e+00
3.801018915940049681e+01,7.129451937627113978e+01,3.732417838370238883e+00
5.089004034520701936e+01,7.926230713903940739e+01,3.732417838370238883e+00
6.400052186117105180e+01,8.901874188842424473e+01,3.732417838370238883e+00
4.248225671086566990e+01,7.890534867873967073e+01,3.732417838370238883e+00
4.272539819192321886e+01,8.365276305455762440e+01,3.732417838370238883e+00
4.191738446540348662e+01,7.896741366650860527e+01,3.732417838370238883e+00
4.932658506510699681e+01,8.213795072975537437e+01,3.732417838370238883e+00
5.879441265468544486e+01,8.896931285193738859e+01,3.732417838370238883e+00
4.365317780506420320e+01,7.643130808032513812e+01,3.732417838370238883e+00
5.555717882936039587e+01,8.387836003862997813e+01,3.732417838370238883e+00
4.195804457589674286e+01,7.870640428139751066e+01,3.732417838370238883e+00
5.599557855229402037e+01,9.008215219516286254e+01,3.732417838370238883e+00
6.044683872628901611e+01,8.122565864789170575e+01,3.732417838370238883e+00
5.186455101256497358e+01,8.582703473861202781e+01,3.732417838370238883e+00
4.424310114111993641e+01,7.769781631384252307e+01,3.732417838370238883e+00
4.193717410874459972e+01,7.324546882641234902e+01,3.732417838370238883e+00
5.021109397870235114e+01,8.341867699994790541e+01,3.732417838370238883e+00
3.965185378749168166e+01,7.787817139324816651e+01,3.732417838370238883e+00
4.688831988594405686e+01,7.901993163184567948e+01,3.732417838370238883e+00
3.960615760155860698e+01,7.698984248123446150e+01,3.726010610105944920e+00
4.438746024813946889e+01,7.575544170759985718e+01,3.726010610105944920e+00
7.462750734635200445e+01,9.806130840498900625e+01,3.726010610105944920e+00
2.365696237359004783e+01,5.647966041522080616e+01,3.726010610105944920e+00
3.727430712186239958e+01,7.351753784776269640e+01,3.726010610105944920e+00
5.965269350438848051e+01,8.697995289857715306e+01,3.726010610105944920e+00
4.276390148629831600e+01,7.619608809258650695e+01,3.726010610105944920e+00
3.063338344261794077e+01,6.601932525804558338e+01,3.726010610105944920e+00
6.264569902509509802e+01,8.832014221631602879e+01,3.726010610105944920e+00
4.672336442875496232e+01,8.098568360939742661e+01,3.726010610105944920e+00
6.663006711845110885e+01,8.890579467237526501e+01,3.726010610105944920e+00
6.226258050784321085e+01,8.309152733693156279e+01,3.726010610105944920e+00
4.128811076505527211e+01,7.858337077143485772e+01,3.726010610105944920e+00
5.358615266742570071e+01,8.802678065981831423e+01,3.726010610105944920e+00
5.330005722821316283e+01,8.275237749043986923e+01,3.726010610105944920e+00
4.012017718086711682e+01,7.287183522586586548e+01,3.726010610105944920e+00
4.790064253202201883e+01,8.171000060748494320e+01,3.726010610105944920e+00
3.602832107489089708e+01,6.697204490760044848e+01,3.726010610105944920e+00
3.898452861704287642e+01,7.377613532053707956e+01,3.726010610105944920e+00
5.411946553770085444e+01,8.672049985489167057e+01,3.726010610105944920e+00
5.147556636909958883e+01,8.664422588174679163e+01,3.726010610105944920e+00
4.735622262926069226e+01,8.369196895519280588e+01,3.726010610105944920e+00
2.749471311797291762e+01,5.942480520479526263e+01,3.726010610105944920e+00
4.135637546367524209e+01,7.387456141751478356e+01,3.726010610105944920e+00
5.616302521820028915e+01,8.730087439847541475e+01,3.726010610105944920e+00
3.592003173237581848e+01,7.299570560891059756e+01,3.726010610105944920e+00
5.124139503414537700e+01,8.215778734058061161e+01,3.726010610105944920e+00
4.731503094999807502e+01,7.817840051790336986e+01,3.726010610105944920e+00
3.661379455655686144e+01,7.326370490404367786e+01,3.724211692096446313e+00
4.975337186315664439e+01,8.202769973834060124e+01,3.724211692096446313e+00
6.260167734200966549e+01,9.142397250504691897e+01,3.724211692096446313e+00
5.897157380611641742e+01,8.872860060688599049e+01,3.724211692096446313e+00
5.163973149396980489e+01,8.819543428427996901e+01,3.724211692096446313e+00
3.977868084153142547e+01,7.350879983135604334e+01,3.724211692096446313e+00
4.397589145254058707e+01,7.824133601817015915e+01,3.724211692096446313e+00
4.183322226082244555e+01,7.104081754023422945e+01,3.724211692096446313e+00
3.045682585917774077e+01,6.248698058864086846e+01,3.712084773443336871e+00
3.064330381317065388e+01,5.640543416982276881e+01,3.712084773443336871e+00
4.615714535746941749e+01,8.041557610253518362e+01,3.712084773443336871e+00
4.899364870687919904e+01,8.158757056443053557e+01,3.712084773443336871e+00
4.678658708850377224e+01,7.910028237888958813e+01,3.604127587465598026e+00
5.832314658589442757e+01,9.054095534927189703e+01,3.604127587465598026e+00
5.128268656194221364e+01,8.348208339230490083e+01,3.604127587465598026e+00
3.601837259181909445e+01,7.209407102038038317e+01,3.604127587465598026e+00
5.188723416057689519e+01,8.487266395662801699e+01,3.604127587465598026e+00
6.193748096702838524e+01,8.976307683805681847e+01,3.604127587465598026e+00
5.440939735077995465e+01,8.704291072968780441e+01,3.604127587465598026e+00
3.053307045417473020e+01,6.542687715820531480e+01,3.604127587465598026e+00
4.981083572074525279e+01,8.311735593134436328e+01,3.604127587465598026e+00
4.313897923790098332e+01,7.951854558463412559e+01,3.604127587465598026e+00
4.959645602115801921e+01,8.518839313761559140e+01,3.604127587465598026e+00
4.285790027280397396e+01,7.630600704784460220e+01,3.604127587465598026e+00
4.952075680146327130e+01,8.376357003017230340e+01,3.604127587465598026e+00
4.193056001667265775e+01,7.432939153303499324e+01,3.604127587465598026e+00
5.022630356602835633e+01,8.691823864444282322e+01,3.604127587465598026e+00
6.947723189709597591e+01,9.283465027320457352e+01,3.604127587465598026e+00
5.431014832537000814e+01,8.303822401736779568e+01,3.604127587465598026e+00
5.514436071007952478e+01,8.818196012192264277e+01,3.604127587465598026e+00
7.421705467140347423e+01,8.807984028484059991e+01,3.604127587465598026e+00
4.781857734769997847e+01,7.961343954945485279e+01,3.604127587465598026e+00
3.013684424336893741e+01,6.517624023678234835e+01,3.604127587465598026e+00
6.456067450322090906e+01,9.190672585139844841e+01,3.604127587465598026e+00
5.144526996222414539e+01,7.890405962507736604e+01,3.589942806110684614e+00
4.771507544337546847e+01,8.072831582033934694e+01,3.589942806110684614e+00
4.624147200625639442e+01,8.440898080839720308e+01,3.589942806110684614e+00
3.823419792819485963e+01,7.772306307560215544e+01,3.579289774705074478e+00
5.296427839690834105e+01,8.451944828535351917e+01,3.579289774705074478e+00
4.827089990090869520e+01,7.734405722357290358e+01,3.579289774705074478e+00
4.768800513331131441e+01,7.934891138067622762e+01,3.579289774705074478e+00
3.813662093553206489e+01,7.429875031984835232e+01,3.579289774705074478e+00
4.676694483810817360e+01,7.387130084232464355e+01,3.579289774705074478e+00
6.437966598193807499e+01,8.845051845139407476e+01,3.579289774705074478e+00
5.535111131476118373e+01,8.710476652645617435e+01,3.579289774705074478e+00
4.815829135840415631e+01,7.927182659731843728e+01,3.579289774705074478e+00
5.252669995673572600e+01,8.823187119373579890e+01,3.579289774705074478e+00
3.493536800325117753e+01,6.367008387423584281e+01,3.579289774705074478e+00
5.147647170780051340e+01,8.433018341058077283e+01,3.579289774705074478e+00
3.322384162481847625e+01,6.530545254986434145e+01,3.579289774705074478e+00
4.855527369758967637e+01,8.261167862885449154e+01,3.579289774705074478e+00
4.249686149786378309e+01,7.800752589171038665e+01,3.579289774705074478e+00
3.657441916519773173e+01,7.104940744314575340e+01,3.579289774705074478e+00
5.632491245763374366e+01,8.515313517343774663e+01,3.579289774705074478e+00
4.874263458858232667e+01,7.891206758239604824e+01,3.579289774705074478e+00
3.545237494282993396e+01,7.124943752828978916e+01,3.579289774705074478e+00
3.177729911215903513e+01,6.504174674375941834e+01,3.579289774705074478e+00
4.409586311266475889e+01,7.576136217777732895e+01,3.579289774705074478e+00
5.940962737205397559e+01,8.895234117867227042e+01,3.579289774705074478e+00
5.515381977973813576e+01,8.938135836293956515e+01,3.579289774705074478e+00
4.865736475444505515e+01,8.302780965149396764e+01,3.579289774705074478e+00
4.628704031463321655e+01,7.728965953151815427e+01,3.579272613929390445e+00
4.420454393788720182e+01,8.008153789451981197e+01,3.579272613929390445e+00
3.642805469374569327e+01,7.564165931949851540e+01,3.579272613929390445e+00
5.273671430729852716e+01,8.220872514869694214e+01,3.579272613929390445e+00
4.462740540385173915e+01,8.360700892455618316e+01,3.579272613929390445e+00
6.152171552721733860e+01,9.082402334953641798e+01,3.579272613929390445e+00
5.301824131853536670e+01,8.436548554329463911e+01,3.579272613929390445e+00
5.739788176788995600e+01,9.038723086653453720e+01,3.579272613929390445e+00
4.793764340519820877e+01,8.127878841179021663e+01,3.552689769174151024e+00
5.941863194883163857e+01,8.689586749795851972e+01,3.552689769174151024e+00
5.017061064195912934e+01,8.092424190972110409e+01,3.552689769174151024e+00
4.708730934017746961e+01,7.899412978615346503e+01,3.552689769174151024e+00
5.677976371344107065e+01,8.249723971003425049e+01,3.552689769174151024e+00
4.009518158809720489e+01,7.354842812789534889e+01,3.552689769174151024e+00
4.590228701621902019e+01,8.267992671861178167e+01,3.552689769174151024e+00
4.319380363316787452e+01,7.126060939271286543e+01,3.501307280727601778e+00
5.823173888744105398e+01,8.820422388593850371e+01,3.501307280727601778e+00
5.101937541558538669e+01,8.551362439235631996e+01,3.501307280727601778e+00
3.157798238953053982e+01,6.801761321511571623e+01,3.501307280727601778e+00
4.190556393754128806e+01,7.633092594510402762e+01,3.478395466328123575e+00
5.311821550286818194e+01,8.541089441738034793e+01,3.478395466328123575e+00
4.780333042157710821e+01,8.008875408493602777e+01,3.478395466328123575e+00
4.647225637803813214e+01,8.185156950691826694e+01,3.478395466328123575e+00
4.707529744619385070e+01,7.828391104081777030e+01,3.478395466328123575e+00
4.010479203095134437e+01,7.425214933952642582e+01,3.478395466328123575e+00
4.444031640978850817e+01,8.260811052460239523e+01,3.478395466328123575e+00
4.157241525764418100e+01,7.198560334540167105e+01,3.478395466328123575e+00
5.010974580290966429e+01,8.128441442816577478e+01,3.103297186776899252e+00
4.764399561591434207e+01,8.285509922007152284e+01,3.103297186776899252e+00
4.714994439300928519e+01,7.906605868622774835e+01,3.103297186776899252e+00
3.843362325576023864e+01,7.207125742367146870e+01,3.103297186776899252e+00
4.840937876825442743e+01,8.007679017286075407e+01,3.103297186776899252e+00
5.447518673340628936e+01,8.653580063860422911e+01,3.103297186776899252e+00
2.594644018414692965e+01,5.506239082873975832e+01,3.103297186776899252e+00
3.793289396415197245e+01,7.929338816722376748e+01,3.103297186776899252e+00
4.593203569254033880e+01,8.324592534636630603e+01,3.103297186776899252e+00
4.574891284729115171e+01,7.932457494268776088e+01,3.103297186776899252e+00
4.258241496455694630e+01,8.177121916823371350e+01,3.103297186776899252e+00
3.393483795037052886e+01,6.958356070595213794e+01,3.031855647259433795e+00
4.900000474362279590e+01,8.194051632414125663e+01,3.031855647259433795e+00
4.569620858473946612e+01,8.307249611056612082e+01,3.031855647259433795e+00
4.134951787882863528e+01,7.992334758615304224e+01,3.031855647259433795e+00
4.419925912579670069e+01,7.597809534725411140e+01,3.031855647259433795e+00
6.696142181108403690e+01,9.416627479329167727e+01,3.031855647259433795e+00
4.516522880880359025e+01,8.229035959676855327e+01,3.031855647259433795e+00
5.605562864720444338e+01,9.182506806923015574e+01,3.031855647259433795e+00
4.061885660849409163e+01,8.111305400125472431e+01,3.031855647259433795e+00
7.207915107196240001e+01,9.771870119998861526e+01,3.031855647259433795e+00
5.320629622177514051e+01,8.770326026931468277e+01,2.966741625289344597e+00
4.088893481581099110e+01,7.696974758154156859e+01,2.966741625289344597e+00
4.380494362946338782e+01,7.725237100655490963e+01,2.966741625289344597e+00
6.959517834453166074e+01,1.012056863834496454e+02,2.966741625289344597e+00
6.691908273430117049e+01,9.732153315760380963e+01,2.966741625289344597e+00
4.511588278638971872e+01,8.570249857849529462e+01,2.966741625289344597e+00
4.386011463105812425e+01,8.082553418792599587e+01,2.966741625289344597e+00
4.350884487842175474e+01,7.953681051191885842e+01,2.966741625289344597e+00
3.790243718988460842e+01,7.496887745076365661e+01,2.966741625289344597e+00
6.761708187774249268e+01,9.700903215730295415e+01,2.966741625289344597e+00
4.685730661880146641e+01,8.440914024180425201e+01,2.966741625289344597e+00
4.821369413086733857e+01,8.585290668784823254e+01,2.966741625289344597e+00
5.733241392992741936e+01,8.198664426574924846e+01,2.966741625289344597e+00
5.592833302629217940e+01,8.848846277073727151e+01,2.966741625289344597e+00
5.884978015909354099e+01,8.599617265870242022e+01,2.966741625289344597e+00
3.848701798505933169e+01,7.411336472008721898e+01,2.966741625289344597e+00
4.663797886714338858e+01,8.179397309897110802e+01,2.966741625289344597e+00
4.942450601042229152e+01,8.860146594062841530e+01,2.966741625289344597e+00
7.351158322001124645e+01,1.101962429764284082e+02,2.966741625289344597e+00
4.515506117410592424e+01,7.819067992808713541e+01,2.966741625289344597e+00
5.928981294545351233e+01,9.259258747558880032e+01,2.966741625289344597e+00
3.120186046389441614e+01,6.712502117373796295e+01,2.966741625289344597e+00
6.480188499704644300e+01,9.300926820530706607e+01,2.966741625289344597e+00
5.576459025981084494e+01,8.914318648405185286e+01,2.966741625289344597e+00
6.067240231756689184e+01,1.000142877076580561e+02,2.966741625289344597e+00
5.765877160396640022e+01,9.392446639456052537e+01,2.966741625289344597e+00
4.318313384474041783e+01,7.666509538125092149e+01,2.966741625289344597e+00
5.014988781510345461e+01,8.370985508630431582e+01,2.966741625289344597e+00
4.947437779887589215e+01,8.597094769275861381e+01,2.864729666915124540e+00
5.179291648301327911e+01,8.787965161601393049e+01,2.755114340118055338e+00
4.433097642944098027e+01,8.200953094605969795e+01,2.755114340118055338e+00
4.860408471555101073e+01,8.721387356353454834e+01,2.755114340118055338e+00
4.153519025179173241e+01,8.222559185218212008e+01,2.755114340118055338e+00
3.854089783671504676e+01,7.602202187101087816e+01,2.755114340118055338e+00
6.142103469378726999e+01,9.623751143790072149e+01,2.755114340118055338e+00
5.567689948874956229e+01,9.077884375317850640e+01,2.755114340118055338e+00
6.170359276258157166e+01,9.339209451341163515e+01,2.755114340118055338e+00
5.492383085064096804e+01,8.670021060345327157e+01,2.741753007795139752e+00
4.903073154557737467e+01,7.976033081410177772e+01,2.741753007795139752e+00
5.441653024536623207e+01,9.074879064841623233e+01,2.741753007795139752e+00
2.413864053356772388e+01,5.705304520028638393e+01,2.741753007795139752e+00
6.284865372186251165e+01,8.708653438571938921e+01,2.741753007795139752e+00
5.676789999895184025e+01,8.556593023513509877e+01,2.741753007795139752e+00
4.374762586037972056e+01,7.840284649346327228e+01,2.741753007795139752e+00
5.996923175936425565e+01,9.544311261167059968e+01,2.741753007795139752e+00
4.780466580266504195e+01,8.568802249914607216e+01,2.723734942516514934e+00
3.814585938373679852e+01,7.336457584111067831e+01,2.723734942516514934e+00
5.918907317175928995e+01,9.241130747312817562e+01,2.723734942516514934e+00
4.446211215329635991e+01,8.555877650834582937e+01,2.723734942516514934e+00
5.104886711361151441e+01,8.095690372665347923e+01,2.723734942516514934e+00
7.226906374797076182e+01,9.935348370268097540e+01,2.723734942516514934e+00
3.002607592242624079e+01,6.378337491099191681e+01,2.723734942516514934e+00
4.100179354376943763e+01,7.459536650553322090e+01,2.723734942516514934e+00
6.048938617947294460e+01,9.259630240582124827e+01,2.723734942516514934e+00
6.763559273708253272e+01,9.300343454964628620e+01,2.723734942516514934e+00
5.766545549221241629e+01,8.329235260116979589e+01,2.723734942516514934e+00
3.749068760258226263e+01,7.382246423043304162e+01,2.723734942516514934e+00
4.571166016074603533e+01,8.504342590279945568e+01,2.723734942516514934e+00
4.346259473571595322e+01,8.093345437991865765e+01,2.723734942516514934e+00
4.597038479656760046e+01,7.894899398144907821e+01,2.723734942516514934e+00
