# Mean_Fitness,Std_Dev,Top_1_Fitness
1.859952569805525968e+02,3.220019239078339979e+01,9.613166433600797234e+01
1.801862828848993558e+02,2.407544886386923721e+01,9.613166433600797234e+01
1.722276414165185940e+02,3.839702839558443515e+01,9.613166433600797234e+01
1.782553026068717088e+02,5.188139435688280088e+01,7.144069900081737501e+01
1.889300524476829537e+02,5.857017026809532467e+01,6.546112100960111491e+01
1.614707324806951192e+02,4.335692189474336544e+01,6.546112100960111491e+01
1.791362225516530202e+02,2.923436206204346988e+01,6.546112100960111491e+01
1.727896968972728189e+02,3.134213563292634674e+01,6.546112100960111491e+01
1.717931973806383894e+02,2.746743699249720549e+01,6.546112100960111491e+01
1.732630490142560973e+02,2.834936309085277628e+01,6.546112100960111491e+01
1.614567974699889987e+02,3.187316288656031560e+01,6.546112100960111491e+01
1.610525849894708301e+02,3.102104804817209782e+01,6.546112100960111491e+01
1.570202053149423591e+02,2.205475255546703295e+01,6.546112100960111491e+01
1.642178300009279610e+02,2.419900030862575946e+01,6.546112100960111491e+01
1.656415069972379683e+02,2.398777646418551868e+01,6.546112100960111491e+01
1.665237352940638118e+02,3.010681181406053497e+01,6.546112100960111491e+01
1.602475071636576160e+02,2.942701003015215022e+01,6.546112100960111491e+01
1.609553897493827321e+02,4.600435257051092464e+01,6.546112100960111491e+01
1.717948284813849114e+02,4.623307202686078199e+01,6.546112100960111491e+01
1.614365284230489124e+02,5.368055810748781198e+01,6.546112100960111491e+01
1.773866391794462061e+02,4.320013541783642097e+01,6.546112100960111491e+01
1.446597889561687680e+02,4.992922032070072902e+01,6.546112100960111491e+01
1.523695774465273303e+02,3.288934532829686930e+01,6.546112100960111491e+01
1.490832891975325651e+02,4.935781284957365500e+01,6.546112100960111491e+01
1.600048058583490729e+02,6.568395203527087745e+01,6.546112100960111491e+01
1.792851707060366664e+02,5.967820767840106555e+01,6.546112100960111491e+01
1.641597587227370809e+02,2.966728290709505700e+01,6.546112100960111491e+01
1.646548921622519117e+02,4.617094916651718250e+01,6.546112100960111491e+01
1.516726995415955059e+02,4.883156728851650286e+01,6.546112100960111491e+01
1.643843601747476839e+02,2.742520808814174771e+01,6.546112100960111491e+01
1.522166693813516360e+02,4.394094428446062750e+01,6.452453969260346867e+01
1.418206296743890675e+02,4.477156896016101228e+01,6.254640096403831251e+01
1.536429035354181849e+02,4.675271258875557123e+01,5.591390140143440135e+01
1.651318864769389165e+02,3.618592467635544807e+01,5.591390140143440135e+01
1.557570369549964653e+02,2.837080254909258414e+01,5.591390140143440135e+01
1.439457289736623125e+02,4.652967251089290102e+01,5.591390140143440135e+01
1.423417291940533573e+02,4.185576321586712822e+01,5.591390140143440135e+01
1.125286200127598875e+02,6.129944043301791368e+01,4.706006954655269681e+01
1.205405866445425147e+02,6.587342418344255179e+01,4.706006954655269681e+01
1.290128522257784880e+02,6.308980995633784516e+01,4.706006954655269681e+01
1.197463466492767736e+02,6.125839530183910853e+01,4.359440551544034292e+01
1.290043937574714619e+02,5.076720095911916530e+01,4.359440551544034292e+01
1.383965758437298916e+02,6.047408737313082128e+01,4.359440551544034292e+01
1.209012921081636449e+02,3.783838249341039273e+01,4.359440551544034292e+01
1.217980187818002804e+02,5.094500479172774732e+01,4.359440551544034292e+01
1.117277708799822733e+02,5.848173180389108694e+01,4.359440551544034292e+01
1.035029266786412165e+02,7.130508966939005688e+01,4.278112597198976630e+01
9.962543548085722023e+01,7.106889861778856243e+01,3.020056198653423962e+01
1.216287610955552765e+02,7.652882281639180917e+01,3.020056198653423962e+01
1.105046113703471775e+02,7.353820583860508009e+01,3.020056198653423962e+01
1.250317848363162909e+02,6.800780526402415660e+01,3.020056198653423962e+01
1.252411930538048637e+02,6.562325568586302893e+01,3.020056198653423962e+01
1.183594870025674055e+02,5.655332868844982386e+01,3.020056198653423962e+01
1.191023680266069675e+02,6.703043663361681581e+01,3.020056198653423962e+01
1.271556284222304356e+02,6.723998375980781361e+01,3.020056198653423962e+01
1.069000806580149572e+02,7.265019787990651423e+01,3.020056198653423962e+01
1.155657564670693773e+02,7.631297547460818009e+01,3.020056198653423962e+01
9.181061864411157103e+01,6.658821075604561202e+01,3.020056198653423962e+01
9.469384793190572225e+01,6.877158961577787011e+01,3.020056198653423962e+01
9.517409777533148940e+01,6.675319514386967512e+01,3.020056198653423962e+01
1.063094625006014269e+02,7.450556887629322489e+01,3.020056198653423962e+01
9.910914859002676280e+01,6.953984211716603170e+01,2.991039744917731014e+01
9.921928084057105934e+01,7.227990338334339526e+01,2.991039744917731014e+01
1.400804917613971554e+02,6.796483479357770818e+01,2.991039744917731014e+01
1.292162321652943717e+02,6.234145804341630281e+01,2.991039744917731014e+01
1.039287804083748625e+02,7.563403180846096063e+01,2.991039744917731014e+01
8.468647540421997633e+01,7.066492068958785921e+01,2.975412748690092712e+01
8.814829507284969168e+01,7.440091179872585769e+01,2.975412748690092712e+01
8.248846697704956910e+01,6.869230626756046831e+01,2.474114978040893220e+01
9.087470334787924742e+01,7.325034268421667605e+01,2.357160674287379720e+01
1.047033099750545233e+02,7.979938867968746763e+01,2.357160674287379720e+01
1.113521773084054587e+02,6.092876457711660265e+01,2.357160674287379720e+01
1.220911941386549131e+02,7.319107468861353993e+01,2.357160674287379720e+01
1.295272662837492135e+02,6.654505678466900065e+01,2.357160674287379720e+01
1.212834857162144999e+02,6.904057123351793734e+01,2.357160674287379720e+01
1.032820000107997629e+02,7.544158135821358258e+01,2.357160674287379720e+01
1.026787202853357996e+02,7.207821485824291585e+01,2.357160674287379720e+01
1.028159672848288437e+02,7.734097049219423070e+01,2.357160674287379720e+01
7.333667040637803325e+01,6.826146465009473729e+01,2.357160674287379720e+01
9.461676530205059521e+01,6.918828643533657896e+01,2.357160674287379720e+01
8.994963784951508501e+01,6.583151516194291730e+01,2.357160674287379720e+01
8.277914523467305230e+01,7.060742421071984154e+01,2.357160674287379720e+01
9.051607493716770136e+01,7.470552974599887364e+01,2.357160674287379720e+01
8.478828486187009617e+01,6.661107795761532202e+01,2.357160674287379720e+01
9.944517001709500903e+01,6.764286468400112540e+01,2.357160674287379720e+01
1.119264723432045656e+02,6.974158597688986561e+01,2.357160674287379720e+01
9.537968212215818653e+01,6.894077998065895940e+01,2.357160674287379720e+01
9.720086007111230231e+01,7.246582918292867248e+01,2.357160674287379720e+01
9.980264469394495563e+01,6.976812329979411231e+01,2.239602518191233571e+01
1.161543610170346454e+02,5.801643416396613162e+01,2.239602518191233571e+01
1.005049632869637151e+02,7.003384440246597364e+01,2.239602518191233571e+01
8.371476247041252350e+01,7.202707329595220642e+01,2.239602518191233571e+01
7.985374701384884588e+01,7.111984249364124366e+01,2.239602518191233571e+01
9.186984076523803822e+01,6.516399669581456067e+01,2.162907599626765887e+01
8.860530876038197334e+01,6.715772750204307329e+01,2.162907599626765887e+01
8.139084051656259078e+01,6.533646759609460730e+01,2.047844128097869998e+01
9.122693305636042282e+01,7.432212735989389785e+01,2.047844128097869998e+01
7.080144608157260677e+01,7.201517035245011300e+01,2.025990433903211851e+01
9.083171282625293941e+01,7.589050914710615814e+01,2.025990433903211851e+01
9.993255672895419650e+01,7.191350507271236836e+01,1.570702960829214589e+01
9.998969373514185577e+01,7.086788979628956042e+01,1.570702960829214589e+01
9.982581106701326235e+01,6.719452003406765073e+01,1.570702960829214589e+01
8.224031230748484234e+01,5.953248864977110344e+01,1.570702960829214589e+01
9.228700445144116316e+01,6.323012254054268055e+01,1.570702960829214589e+01
7.598154293265895376e+01,7.216001051483466711e+01,1.570702960829214589e+01
8.101282315659273081e+01,7.382082917447598902e+01,1.570702960829214589e+01
8.176540000746584269e+01,7.683601543339017326e+01,1.505279562403704574e+01
7.351761463651753559e+01,7.125186005724796701e+01,1.505279562403704574e+01
8.828421308470733209e+01,7.969915837635765854e+01,1.505279562403704574e+01
8.356644585517827295e+01,7.760135552478534748e+01,1.505279562403704574e+01
8.747795837295657861e+01,7.339742321334854580e+01,1.505279562403704574e+01
7.891387868057263688e+01,7.688769778020429158e+01,1.505279562403704574e+01
8.775291864894361993e+01,7.691234822267996663e+01,1.505279562403704574e+01
8.746421420563508775e+01,7.793891202077074354e+01,1.505279562403704574e+01
7.285503362068899946e+01,7.594461938638436038e+01,1.505279562403704574e+01
8.967303736851980034e+01,7.840060441496473231e+01,1.505279562403704574e+01
7.146084906470683507e+01,7.559609097187748716e+01,1.505279562403704574e+01
6.654219816988961611e+01,6.620517886849182787e+01,1.505279562403704574e+01
1.107468185430388274e+02,6.511431407447484787e+01,1.505279562403704574e+01
1.008839083354353932e+02,6.537781300811499818e+01,1.505279562403704574e+01
6.701239807988847019e+01,7.512207115553124481e+01,1.505279562403704574e+01
8.875241501691361634e+01,7.654930937556505910e+01,1.505279562403704574e+01
7.627456785463515132e+01,7.829723347800721456e+01,1.505279562403704574e+01
1.107893333201348440e+02,7.870372405371976754e+01,1.505279022868036520e+01
9.390135404479276815e+01,7.661137869892995411e+01,1.438807826782543486e+01
8.328464385797299485e+01,6.957012648720258596e+01,1.438807826782543486e+01
7.297069782819237105e+01,7.642435044509767295e+01,1.438807826782543486e+01
1.049601564874294297e+02,7.048858297379616999e+01,1.438807826782543486e+01
7.789390705501419632e+01,7.671655122413734773e+01,1.438807826782543486e+01
7.173473482457680461e+01,7.576603887782889046e+01,1.438807826782543486e+01
1.043133946715611273e+02,8.059257660398186829e+01,1.438807826782543486e+01
9.994688558927326483e+01,7.739976832857516342e+01,1.438807826782543486e+01
8.204324594501208878e+01,6.543164424839584115e+01,1.438807826782543486e+01
8.686913177815536358e+01,7.375665180487932560e+01,1.438807826782543486e+01
7.803011538695848515e+01,7.424040815894704792e+01,1.438807826782543486e+01
1.002988451467410016e+02,7.697534939384766517e+01,1.438807826782543486e+01
8.118755431682065193e+01,7.451145407891732475e+01,1.438807826782543486e+01
7.227794412931152124e+01,7.318749634755296540e+01,1.438807826782543486e+01
9.686050154153886638e+01,7.757366414238204300e+01,1.438807826782543486e+01
8.038474430943229265e+01,8.066893922464706179e+01,1.438807826782543486e+01
9.643852595230627855e+01,8.531613287062610596e+01,1.438807826782543486e+01
7.818810923427477633e+01,7.950057727599072166e+01,1.438807826782543486e+01
1.131758396574306005e+02,7.992348112590362064e+01,1.438807826782543486e+01
9.666159556607108527e+01,7.507836839970806864e+01,1.438807826782543486e+01
7.318573484916933580e+01,7.480384794804369619e+01,1.438807826782543486e+01
9.355172752211767317e+01,7.341874549760080981e+01,1.432699579579183080e+01
7.359876216701354679e+01,7.740643469390850839e+01,1.266073814104474593e+01
8.910007138703136320e+01,7.897513443019713009e+01,1.266073814104474593e+01
7.506249945528246315e+01,7.697964352513648123e+01,1.266073814104474593e+01
9.700579296699015686e+01,8.366426612740352198e+01,1.266073814104474593e+01
9.638232082218833341e+01,7.988553414096972460e+01,1.266073814104474593e+01
1.054784729436341593e+02,8.414015476859817966e+01,1.266073814104474593e+01
8.899052876869447459e+01,8.021963224838454209e+01,1.266073814104474593e+01
8.224319178359844784e+01,8.194062212937582501e+01,1.266073814104474593e+01
8.030651854953597990e+01,8.037992541841080651e+01,1.266073814104474593e+01
9.116661946586739873e+01,7.761768331740059068e+01,1.266073814104474593e+01
7.421816968434188766e+01,7.794450067595934684e+01,1.266073814104474593e+01
8.735433950517486323e+01,7.898879122397021035e+01,1.266073814104474593e+01
8.192617994567906692e+01,7.500586088874761970e+01,1.266073814104474593e+01
7.620609900765484213e+01,7.438581920887078525e+01,1.266073814104474593e+01
8.979354704455087699e+01,8.434908114331010154e+01,1.266073814104474593e+01
1.108066359886823591e+02,7.954612865168009250e+01,1.266073814104474593e+01
1.050584734099949884e+02,8.957009361612517750e+01,1.266073814104474593e+01
8.293604568267724630e+01,8.639829220266891241e+01,1.266073814104474593e+01
9.756185589479123621e+01,8.796010257363074913e+01,1.194624817465607691e+01
9.189450739702164128e+01,8.728965746337408405e+01,1.194624817465607691e+01
9.523241696139760393e+01,8.974891410741349773e+01,1.194624817465607691e+01
8.840065472521433776e+01,7.193645688399362825e+01,1.194624817465607691e+01
8.607502400982957624e+01,8.341778609227378638e+01,1.194624817465607691e+01
1.061860707275939433e+02,9.055036383800724309e+01,1.194624817465607691e+01
9.663411471967043553e+01,8.533007603856964352e+01,1.190048360600106037e+01
6.524640679344310001e+01,8.049054715670190774e+01,1.190048360600106037e+01
9.054402144960089061e+01,8.994794754219634569e+01,1.190048360600106037e+01
9.044486444304793338e+01,8.834614309195049486e+01,1.190048360600106037e+01
8.864716337054461803e+01,8.084100923993807442e+01,1.188163945576008018e+01
7.672473001649572666e+01,8.586641219876150899e+01,1.188163945576008018e+01
8.979238762363057447e+01,8.484586030845558469e+01,1.188163945576008018e+01
6.609099195187982900e+01,7.568544507044785519e+01,1.188163945576008018e+01
7.633551589103494450e+01,8.121994691487981299e+01,1.155517925844175409e+01
9.002829218388568222e+01,8.757776262994023853e+01,1.155517925844175409e+01
7.366797108799028138e+01,8.397621490935800637e+01,1.155517925844175409e+01
7.803714822633222070e+01,8.487113022302769139e+01,1.155517925844175409e+01
7.443933218222900905e+01,8.297415192754991153e+01,1.155517925844175409e+01
8.313794337224608455e+01,8.284182806441769742e+01,1.155517925844175409e+01
7.672654468506149783e+01,8.605701768458389722e+01,1.155517925844175409e+01
8.736204673408801114e+01,8.567806131608071496e+01,1.155517925844175409e+01
7.573454475506234473e+01,8.267950166459077366e+01,1.155517925844175409e+01
8.905738900481343023e+01,8.466657225153477384e+01,1.103941707788230531e+01
8.823402094806142770e+01,9.010830883446617179e+01,1.103941707788230531e+01
9.118773821634904664e+01,8.555933870278362008e+01,1.103941707788230531e+01
7.650151983334873762e+01,8.464347931777068368e+01,1.103941707788230531e+01
9.773143192008205915e+01,8.192611040851419091e+01,1.103941707788230531e+01
9.276881038325775819e+01,8.622013924597659695e+01,1.103941707788230531e+01
7.809403978376194289e+01,8.550719843595233272e+01,1.103941707788230531e+01
9.613721657694972578e+01,8.546166332261245202e+01,1.103941707788230531e+01
1.149630687367939572e+02,8.249802301761796741e+01,1.103941707788230531e+01
7.553420150281900192e+01,8.675243934961204673e+01,1.101465614030047391e+01
9.429950281881441754e+01,8.984912296946359334e+01,1.101465614030047391e+01
8.897674560635411467e+01,8.883422568831707622e+01,1.101465614030047391e+01
7.507794620498316363e+01,8.082180059196487321e+01,1.101465614030047391e+01
9.546676448286150674e+01,8.061647790709146477e+01,1.101465614030047391e+01
9.356450579648716825e+01,8.867561174795119427e+01,1.101465614030047391e+01
1.022343157538024627e+02,8.673597149649511096e+01,1.101465614030047391e+01
9.831133782931195242e+01,8.927611795230467351e+01,1.101465614030047391e+01
6.984481663494821646e+01,8.284892244860469646e+01,1.080163109776040642e+01
7.849006715064547279e+01,8.465297005598716851e+01,1.080163109776040642e+01
7.747201604549766785e+01,8.198228118651830698e+01,9.545027727832405162e+00
8.191659534297821210e+01,8.558650188391123947e+01,9.545027727832405162e+00
8.992117986455710366e+01,8.691285930212120547e+01,9.545027727832405162e+00
9.470025832040924740e+01,7.929390925363510689e+01,9.545027727832405162e+00
7.124289295271742617e+01,8.385769851608353065e+01,9.545027727832405162e+00
8.877612474965863498e+01,8.735564437487687428e+01,9.545027727832405162e+00
8.960676008513489421e+01,8.809628963289769388e+01,9.545027727832405162e+00
9.368711609849029287e+01,9.287545295100809994e+01,9.545027727832405162e+00
6.833081610710652853e+01,8.230807233987614779e+01,9.545027727832405162e+00
7.073199039096797947e+01,8.354481486417226677e+01,9.545027727832405162e+00
8.917726634830066246e+01,9.101162033618847147e+01,9.545027727832405162e+00
8.655992044011924236e+01,8.660448524972237294e+01,9.545027727832405162e+00
8.328819579325733002e+01,8.565288701941570082e+01,9.545027727832405162e+00
9.090970850657751612e+01,9.305476451361687396e+01,9.545027727832405162e+00
8.118495235953223244e+01,8.552832195403975390e+01,9.545027727832405162e+00
7.140094621546998610e+01,8.403866850512875430e+01,9.545027727832405162e+00
9.246044083745559305e+01,8.730742848690358926e+01,9.545027727832405162e+00
8.926699840900946015e+01,8.650660867479383853e+01,9.545027727832405162e+00
8.797996890162315253e+01,9.066876437153233326e+01,9.545027727832405162e+00
9.162143614252809698e+01,8.783699564301241480e+01,9.545027727832405162e+00
8.558091123463469785e+01,8.159282102773345002e+01,9.545027727832405162e+00
9.511967162304460999e+01,8.353575168659979511e+01,9.545027727832405162e+00
8.589893324156585663e+01,8.638245104268723651e+01,9.545027727832405162e+00
7.094836158809953019e+01,7.613721468602321352e+01,9.545027727832405162e+00
9.292763142984358637e+01,8.920124383451047834e+01,9.545027727832405162e+00
8.020024132403924000e+01,8.745266372477320260e+01,9.545027727832405162e+00
7.910432552312647658e+01,8.873720273691917271e+01,9.545027727832405162e+00
9.673077300929404032e+01,8.863804471547634023e+01,9.545027727832405162e+00
8.924757582743120565e+01,8.103544161832682846e+01,9.545027727832405162e+00
9.048169802942211959e+01,8.478093005205697352e+01,9.545027727832405162e+00
9.982613453408698945e+01,8.803942095552349656e+01,9.545027727832405162e+00
1.067858734174501052e+02,7.545284041323674273e+01,9.545027727832405162e+00
9.387540612263538264e+01,8.818621004702688992e+01,9.545027727832405162e+00
8.423078585762189618e+01,7.747602149473249256e+01,9.545027727832405162e+00
8.612285746345601467e+01,6.887095032846927722e+01,9.545027727832405162e+00
8.369506240100842831e+01,8.587410649225031989e+01,9.545027727832405162e+00
8.978717404314836870e+01,8.288161929685077212e+01,9.545027727832405162e+00
1.001429740611129517e+02,8.268841483241851620e+01,9.545027727832405162e+00
6.567223349599998983e+01,7.890973137590863473e+01,9.545027727832405162e+00
8.940480555851851818e+01,9.331322792701337221e+01,9.545027727832405162e+00
7.547831451068446995e+01,8.678388389198376274e+01,9.545027727832405162e+00
9.193735788146264554e+01,8.828345150518043738e+01,9.306079154634787187e+00
9.444743233687238160e+01,8.676004989200922068e+01,9.306079154634787187e+00
8.970264981098227963e+01,9.288287583119536350e+01,9.190830413139920552e+00
1.007686808947704122e+02,9.520813745168902642e+01,9.190830413139920552e+00
8.965586821526454742e+01,8.403412370291800926e+01,8.455104447005041379e+00
7.734633593419752629e+01,8.944444268360820161e+01,8.455104447005041379e+00
8.832494020641779287e+01,8.680084986102045264e+01,8.455104447005041379e+00
9.178210519267439338e+01,8.705909478503953380e+01,8.455104447005041379e+00
8.565568676192184228e+01,9.175755887437487957e+01,8.455104447005041379e+00
8.318423395712224533e+01,8.646525882871539181e+01,8.455104447005041379e+00
7.787146505479387315e+01,8.593565432058873910e+01,8.455104447005041379e+00
7.859436193357910838e+01,8.957682105659294791e+01,8.455104447005041379e+00
6.725389565153329841e+01,8.060332436971465597e+01,8.455104447005041379e+00
9.315683413213139374e+01,8.726150780668632478e+01,8.455104447005041379e+00
9.001871917481712160e+01,9.061306524359878267e+01,8.455104447005041379e+00
6.775251659775844360e+01,8.378437956264744457e+01,8.219898868630068023e+00
7.652878019899330297e+01,9.048008317145801982e+01,8.219898868630068023e+00
8.398404263674308368e+01,8.995910324018971949e+01,8.219898868630068023e+00
9.423267305339564359e+01,8.977690615308227962e+01,8.219898868630068023e+00
6.909165300273120636e+01,8.502525752322419805e+01,8.219898868630068023e+00
9.124871597582477989e+01,8.832681645811176452e+01,8.219898868630068023e+00
7.708368337876325427e+01,8.624560737442068614e+01,8.219898868630068023e+00
9.300786515960017198e+01,8.736526327000153458e+01,8.219898868630068023e+00
8.238110348762094759e+01,8.801938168089297676e+01,8.219898868630068023e+00
7.143371723203621571e+01,8.502204190508486192e+01,8.219898868630068023e+00
7.342213816633088186e+01,8.241265036869921801e+01,8.219898868630068023e+00
9.580035827087229450e+01,8.953989167291952356e+01,8.219898868630068023e+00
8.803085499451752582e+01,8.883204369399867062e+01,7.912495801708914200e+00
5.602677140365672415e+01,7.784555013072272800e+01,7.912495801708914200e+00
9.580929212717654764e+01,8.002693293253385320e+01,7.912495801708914200e+00
8.288393699898522016e+01,8.784592962478231470e+01,7.251998227374343742e+00
7.339233596024659789e+01,8.702403282187088962e+01,7.251998227374343742e+00
1.051201314220407994e+02,9.110058191105716219e+01,7.251998227374343742e+00
9.101503590725565118e+01,8.610651900485741805e+01,7.251998227374343742e+00
8.054348898095531695e+01,8.855104655897035570e+01,7.251998227374343742e+00
1.019613406762020560e+02,9.176301378695541189e+01,7.251998227374343742e+00
7.379673410336552308e+01,8.805299869549938308e+01,7.251998227374343742e+00
7.759592849924561619e+01,8.916304373071298528e+01,7.251998227374343742e+00
6.919166850180006634e+01,8.564396395298520304e+01,7.251998227374343742e+00
7.925183135045224958e+01,8.698450039536531619e+01,7.251998227374343742e+00
9.925432716354421814e+01,9.507841116836340234e+01,7.251998227374343742e+00
8.540259385170536177e+01,9.224228961906999302e+01,7.251998227374343742e+00
7.659482464586747597e+01,8.529938152258119999e+01,7.251998227374343742e+00
8.673738615870311719e+01,9.307162737979449219e+01,7.251922038629814438e+00
9.053343187253963720e+01,1.012664445808593570e+02,7.251922038629814438e+00
7.782015632556461071e+01,8.612127758749244322e+01,7.251922038629814438e+00
8.661375490152420298e+01,9.393569388706691825e+01,7.251922038629814438e+00
8.868004344577036591e+01,9.381398814953151089e+01,7.251922038629814438e+00
8.496945226062450729e+01,8.909206910445310257e+01,7.251922038629814438e+00
8.246706828927949573e+01,9.350683386869927460e+01,7.251922038629814438e+00
7.333134415043404886e+01,8.510015465789408040e+01,7.251922038629814438e+00
9.358117198810978721e+01,9.643937473193371090e+01,7.251922038629814438e+00
8.978316561993847245e+01,9.414423150300689258e+01,7.164881486863663440e+00
9.913854146679808821e+01,9.262272346950371116e+01,7.164881486863663440e+00
5.758134655152607451e+01,7.874141586416001815e+01,7.164881486863663440e+00
7.690473763169704569e+01,9.123416015921111466e+01,7.164881486863663440e+00
7.744731368232862678e+01,8.794371160506953800e+01,7.164881486863663440e+00
8.736746630346044640e+01,9.757231421712165798e+01,7.164881486863663440e+00
8.315555120805963440e+01,9.157515524953453223e+01,7.164881486863663440e+00
1.161632024971879673e+02,9.218447690200521549e+01,7.164881486863663440e+00
6.661602450186622093e+01,8.698603481224786549e+01,7.164881486863663440e+00
8.483574987952064816e+01,9.096887177000463964e+01,7.164881486863663440e+00
6.492841407537653708e+01,8.719453865200297571e+01,6.853777010786046731e+00
8.692852590311480299e+01,9.266934039447173177e+01,6.853777010786046731e+00
7.591430708127391824e+01,8.446627736637098849e+01,6.853777010786046731e+00
8.195281765386454254e+01,8.943329913498509143e+01,6.853777010786046731e+00
8.862297552644828613e+01,9.413814378528259397e+01,6.853777010786046731e+00
9.305084376892649800e+01,9.078017025557171849e+01,6.853777010786046731e+00
7.323466695338841248e+01,9.267489483479032231e+01,6.853777010786046731e+00
8.936776242475285414e+01,8.852558729279421357e+01,6.853777010786046731e+00
8.226721687886441714e+01,9.097872438992327204e+01,6.853777010786046731e+00
8.066858171512414799e+01,8.997894338970716888e+01,6.853777010786046731e+00
8.140207363066380708e+01,9.242585747473705737e+01,6.635781278879036904e+00
8.798419149808030681e+01,9.362723643062652457e+01,6.635781278879036904e+00
9.067304535557119038e+01,9.457420845410251786e+01,6.635781278879036904e+00
8.454511685027571843e+01,9.232545481802191034e+01,6.635781278879036904e+00
7.481299709570228629e+01,8.815980347951223450e+01,6.635781278879036904e+00
7.827951460510630000e+01,8.820409563890801508e+01,6.635781278879036904e+00
9.537383351041852109e+01,9.552234884215080513e+01,6.635781278879036904e+00
8.888845097480148638e+01,9.075165468722023832e+01,6.635781278879036904e+00
7.527199712038492407e+01,8.853165536732761609e+01,6.635781278879036904e+00
9.095648883346099467e+01,9.585939762244586859e+01,6.635781278879036904e+00
7.754941665407041285e+01,8.979066097897893428e+01,6.635781278879036904e+00
7.265092051822146857e+01,8.481257071022454852e+01,6.635781278879036904e+00
7.852602625032673700e+01,8.956256214810174754e+01,6.635781278879036904e+00
8.212825336659150821e+01,8.667623986649914514e+01,6.635781278879036904e+00
1.031975192834803750e+02,9.540536184593909752e+01,6.635781278879036904e+00
8.034921263968729477e+01,8.778488158674483088e+01,6.635781278879036904e+00
8.903259948975555460e+01,8.600461134623731141e+01,6.635781278879036904e+00
8.544983694900982130e+01,9.117942931672583029e+01,6.635781278879036904e+00
7.909010486467357737e+01,9.163562439221877298e+01,6.635781278879036904e+00
7.365326253912513721e+01,8.694259547485380324e+01,6.635781278879036904e+00
9.395655019500439664e+01,9.814610644188999800e+01,6.635781278879036904e+00
9.093495566012420284e+01,9.853956453966399920e+01,6.635781278879036904e+00
9.521612951078907372e+01,9.508955215747297984e+01,6.635781278879036904e+00
8.527773054467691338e+01,9.207679241024759165e+01,6.552582041579029237e+00
8.799134760151001444e+01,9.801890784707404691e+01,6.552582041579029237e+00
6.888094614017570905e+01,8.719788339389297960e+01,6.552582041579029237e+00
8.797167074753528482e+01,9.551469885576288732e+01,6.552582041579029237e+00
6.912920960318697894e+01,8.770451026311734211e+01,6.552582041579029237e+00
9.957417805999540406e+01,9.748904084562045114e+01,6.552582041579029237e+00
9.162822896984721410e+01,9.391166297776992167e+01,6.552582041579029237e+00
1.037379867560510718e+02,9.192376337509772100e+01,6.552582041579029237e+00
7.274571620904042391e+01,8.690867266729252094e+01,6.552582041579029237e+00
9.199190475674149070e+01,9.201402497453391049e+01,6.552582041579029237e+00
6.277865278768317836e+01,8.156819797888888957e+01,6.552582041579029237e+00
8.562796661423979572e+01,9.208705485893176501e+01,6.552582041579029237e+00
8.994852279186036981e+01,9.450244027466558805e+01,6.552582041579029237e+00
1.054341202333881427e+02,9.665159451412013425e+01,6.552582041579029237e+00
8.296402507821701988e+01,9.804993051065888210e+01,6.552582041579029237e+00
1.000942076396645177e+02,9.186167262808609735e+01,6.552582041579029237e+00
6.165905695730846503e+01,8.364842168351779605e+01,6.492890255997536997e+00
7.209990847980790818e+01,8.903815171963407238e+01,6.492890255997536997e+00
7.914967986804010991e+01,9.074796593663400301e+01,6.492890255997536997e+00
8.529474982845523812e+01,9.333130171247100293e+01,6.492890255997536997e+00
7.600394596629932664e+01,9.188239808468256342e+01,6.404271786602222960e+00
7.063920061880612877e+01,9.141542004079718708e+01,6.404271786602222960e+00
8.129803066433488823e+01,9.362887558633664753e+01,6.404271786602222960e+00
9.390912167761595697e+01,9.744673333629357614e+01,6.404271786602222960e+00
7.718576809897172097e+01,8.953748611639971955e+01,6.404271786602222960e+00
7.536411567911844145e+01,9.044776638985892703e+01,6.404271786602222960e+00
7.588564484107628516e+01,8.461503389046045243e+01,6.404271786602222960e+00
8.527720605512794805e+01,9.092500633195992066e+01,6.404271786602222960e+00
1.182326863929979055e+02,8.890192116625682672e+01,6.404271786602222960e+00
1.058149763625958286e+02,9.632793754672489683e+01,6.404271786602222960e+00
8.135708482546688458e+01,9.080819774105479780e+01,6.404271786602222960e+00
8.483232021248953458e+01,8.906911559955828750e+01,6.404271786602222960e+00
9.380752352017938733e+01,8.845888628546475729e+01,6.396625522734638025e+00
8.214085301347775214e+01,9.626451187977605173e+01,6.396625522734638025e+00
7.046682498119646709e+01,8.636737121255626448e+01,6.396625522734638025e+00
9.083475387587701277e+01,9.337523330162053981e+01,6.396625522734638025e+00
8.055392816749012752e+01,8.335709414743777756e+01,6.380639918011169698e+00
8.178846250177382160e+01,9.319572369037328485e+01,6.380639918011169698e+00
9.792987192233620419e+01,9.022440364137864321e+01,6.380639918011169698e+00
8.047414922434990103e+01,9.419881835773497869e+01,6.380639918011169698e+00
9.645455247236036200e+01,8.395344597159335365e+01,6.380639918011169698e+00
8.009995277516865997e+01,7.818786149851111134e+01,6.380639918011169698e+00
7.936842302896641854e+01,9.572126130876341676e+01,6.380639918011169698e+00
8.255198983019690218e+01,9.719867190422331760e+01,6.380639918011169698e+00
8.233629625509048822e+01,9.595737129693672784e+01,6.380639918011169698e+00
8.299192748016511700e+01,9.573859136654229474e+01,6.380639918011169698e+00
8.819930046375611710e+01,9.448215621291834054e+01,6.380639918011169698e+00
9.084630009041217136e+01,9.682267150445987625e+01,6.380639918011169698e+00
8.908801834005021192e+01,9.749357393921604853e+01,6.150542903531203365e+00
7.949847609191775177e+01,9.440307011298691009e+01,6.150542903531203365e+00
8.660046071663613532e+01,9.192840178556603803e+01,6.150542903531203365e+00
6.689988963154392820e+01,8.475545069146842536e+01,6.150542903531203365e+00
9.447603626177603076e+01,9.419332009901860658e+01,5.562116884552381180e+00
9.237167476028851354e+01,9.781556330476470862e+01,5.562116884552381180e+00
1.049767829025598473e+02,9.151284083388023305e+01,5.562116884552381180e+00
8.638552395557508135e+01,8.922131794422483608e+01,5.562116884552381180e+00
9.586489074900308083e+01,8.591264017487446836e+01,5.562116884552381180e+00
8.883318339356223703e+01,9.489612631476327920e+01,5.562116884552381180e+00
7.435948663186539420e+01,9.085281237955348388e+01,5.562116884552381180e+00
9.304609993199653672e+01,9.739037375745280656e+01,5.562116884552381180e+00
6.931264702538587130e+01,9.356400862778643557e+01,5.562116884552381180e+00
9.107887464995630467e+01,9.736715726873332244e+01,5.562116884552381180e+00
7.419813212989383544e+01,9.313493500068025810e+01,5.562116884552381180e+00
7.418911771363862329e+01,9.031827233604886374e+01,5.562116884552381180e+00
1.044408403053549392e+02,9.439374723828382230e+01,5.562116884552381180e+00
9.889874165724060617e+01,9.787080099466319894e+01,5.562116884552381180e+00
8.640501423440424844e+01,9.188181707010076593e+01,5.562116884552381180e+00
7.712312220314387901e+01,9.229396290796587721e+01,5.562116884552381180e+00
8.849834836421936757e+01,9.465809016306862134e+01,5.562116884552381180e+00
8.764817956314335845e+01,9.493894124545336410e+01,5.562116884552381180e+00
7.266682165674035332e+01,8.902954433234022247e+01,5.559038751129236289e+00
8.233519653975454844e+01,9.418516006210471403e+01,5.559038751129236289e+00
7.081359164739686207e+01,8.999390290026636308e+01,5.437888301405962466e+00
7.816208322565741184e+01,9.674824499590394566e+01,5.437888301405962466e+00
1.000666935881112494e+02,9.666824366319983142e+01,5.437888301405962466e+00
7.181042227933956212e+01,8.941584662757630042e+01,5.437888301405962466e+00
7.980790230343362168e+01,9.206687681876154272e+01,5.437888301405962466e+00
1.125953663221911256e+02,9.981452420378889201e+01,5.437888301405962466e+00
9.355491609333849112e+01,9.402813163457510370e+01,5.437888301405962466e+00
9.544698099784693568e+01,1.009307207728398339e+02,5.437888301405962466e+00
7.645572877103573717e+01,9.014125743124758117e+01,5.437888301405962466e+00
7.409251030904347601e+01,8.831471197718219912e+01,5.413066783815963845e+00
8.533616819759144789e+01,9.200821295445501846e+01,5.413066783815963845e+00
9.353083155528395309e+01,1.015280405338238268e+02,5.081681095895646649e+00
9.322792040848507611e+01,9.530884714922237322e+01,5.081681095895646649e+00
6.872607119030078593e+01,8.919607187229796352e+01,5.081681095895646649e+00
6.446062630692073014e+01,8.543819509675441282e+01,5.081681095895646649e+00
8.771778673879680355e+01,9.648633846222909938e+01,5.081681095895646649e+00
8.676479787001571253e+01,9.464525173718467954e+01,5.081681095895646649e+00
8.001318898548073832e+01,9.303362664213290145e+01,5.081681095895646649e+00
7.070286295197084314e+01,9.193141790478127007e+01,5.081681095895646649e+00
9.428719996873290654e+01,9.683040437652316257e+01,5.081681095895646649e+00
8.432723936931910202e+01,9.692074715939466500e+01,5.081681095895646649e+00
8.930249842808329674e+01,9.445518464026318384e+01,5.081681095895646649e+00
9.216182168252014151e+01,8.806608380310039763e+01,5.081681095895646649e+00
9.378781842815541836e+01,9.876133842890638448e+01,5.081681095895646649e+00
8.875858856101743299e+01,9.727275151858972890e+01,5.081681095895646649e+00
8.994283928560641073e+01,9.388630035420307252e+01,5.081681095895646649e+00
9.592638006686760832e+01,8.785660189403611753e+01,5.081681095895646649e+00
8.148290805764949596e+01,9.207020144621289148e+01,5.081681095895646649e+00
8.483473116596137231e+01,9.440660633150383774e+01,5.081681095895646649e+00
8.879915272033403539e+01,9.321209486565460622e+01,5.081681095895646649e+00
9.907147761105225925e+01,9.528128089234142806e+01,5.081681095895646649e+00
8.442009540283342517e+01,9.596472849980571596e+01,5.081681095895646649e+00
7.107077573835643136e+01,8.568066240488553831e+01,5.081681095895646649e+00
8.177715027128199665e+01,9.750959582031646278e+01,5.081681095895646649e+00
9.517720637113816906e+01,9.751158748263340215e+01,5.081681095895646649e+00
8.527932256484734808e+01,8.856443442270369815e+01,5.081681095895646649e+00
7.069798950460035769e+01,8.651113094157113892e+01,5.032672965709764412e+00
6.605882562662861801e+01,8.446568367771762098e+01,5.032672965709764412e+00
7.445210660123616719e+01,8.920495058934994859e+01,5.032672965709764412e+00
9.022749668922590160e+01,9.646597823525868876e+01,5.032672965709764412e+00
7.863023285075379931e+01,9.479370102770907636e+01,5.032672965709764412e+00
6.281308339371179272e+01,9.008264002892860844e+01,5.032672965709764412e+00
7.405677495388781040e+01,8.746191745487584512e+01,4.922025556975583527e+00
9.710224164751198828e+01,9.559498147620406883e+01,4.922025556975583527e+00
6.649939682123824980e+01,9.126043933395244778e+01,4.922025556975583527e+00
8.111775025455585819e+01,9.175963512251165355e+01,4.922025556975583527e+00
8.483366449340880422e+01,9.496908808365893151e+01,4.922025556975583527e+00
8.941143554224501599e+01,9.138427308949491135e+01,4.922025556975583527e+00
6.541323598446692245e+01,8.937998644052187558e+01,4.922025556975583527e+00
8.002322495947413472e+01,9.155381685129620450e+01,4.922025556975583527e+00
8.078780374610165893e+01,9.758046444354540938e+01,4.922025556975583527e+00
7.359416421868961322e+01,9.314746715688737311e+01,4.922025556975583527e+00
8.260862987031035232e+01,9.075102503026339207e+01,4.922025556975583527e+00
5.253979345576069448e+01,8.373552970139101603e+01,4.922025556975583527e+00
8.294541634215995884e+01,9.425267988409048314e+01,4.922025556975583527e+00
8.095376068022089555e+01,9.308840120296095222e+01,4.922025556975583527e+00
9.448070514142281695e+01,9.759430992623374834e+01,4.922025556975583527e+00
8.180114028806038107e+01,9.311519200519836659e+01,4.922025556975583527e+00
8.500959908910503771e+01,9.559951208066760842e+01,4.922025556975583527e+00
1.011381303185433183e+02,9.188271980891846624e+01,4.922025556975583527e+00
8.781527617606829494e+01,9.679623415892277194e+01,4.922025556975583527e+00
6.682742859369393784e+01,8.680140899577820335e+01,4.922025556975583527e+00
8.898602802673788403e+01,9.740555717084107812e+01,4.922025556975583527e+00
8.662176558305426965e+01,9.728494389112459828e+01,4.911589982456263215e+00
8.957831357431820152e+01,9.600204123292529346e+01,4.911589982456263215e+00
1.000476084618934607e+02,9.185993497952986786e+01,4.911589982456263215e+00
9.194887002228001904e+01,9.753670704225392285e+01,4.911589982456263215e+00
7.715681022539803280e+01,9.194854880956299326e+01,4.911589982456263215e+00
1.003998050450984323e+02,9.657399324970050714e+01,4.911589982456263215e+00
7.939292013127040093e+01,9.379402685652313210e+01,4.911589982456263215e+00
7.915135581045008450e+01,9.307884597034352225e+01,4.911589982456263215e+00
7.905429791682377072e+01,9.462204416660632944e+01,4.911589982456263215e+00
8.304366719207030201e+01,9.877240039091526569e+01,4.911589982456263215e+00
8.522286613014577483e+01,9.474347192220390923e+01,4.911589982456263215e+00
7.551240318307675636e+01,9.050203820436777846e+01,4.855666242830437795e+00
8.435295778854450077e+01,9.869166054436790603e+01,4.855666242830437795e+00
8.357313252523300662e+01,9.452794232475206115e+01,4.855666242830437795e+00
8.157840311795527555e+01,9.710954965416517837e+01,4.855666242830437795e+00
8.228729101381412647e+01,9.451791708376433121e+01,4.855666242830437795e+00
7.936343644795685748e+01,8.939330679265430035e+01,4.855666242830437795e+00
9.801579055438297416e+01,8.092288683961541551e+01,4.855666242830437795e+00
9.457747613982864721e+01,9.056377264388804349e+01,4.855666242830437795e+00
8.004653876464158202e+01,9.260763521889948890e+01,4.855666242830437795e+00
6.881354511314904698e+01,9.123102565289595134e+01,4.855666242830437795e+00
9.319334943886219946e+01,9.399523222291536229e+01,4.855666242830437795e+00
1.014405863967774906e+02,1.020536183424267449e+02,4.855666242830437795e+00
7.040595923758466768e+01,8.946952676526413484e+01,4.855666242830437795e+00
8.539506240416450566e+01,9.201708980207784805e+01,4.762500798335182139e+00
8.390932755685494726e+01,9.336830392352720764e+01,4.762500798335182139e+00
8.530014600088931331e+01,9.754908356353918464e+01,4.762500798335182139e+00
9.230449708486824534e+01,9.736783940951417549e+01,4.762500798335182139e+00
6.979275977460166303e+01,8.934858830155985743e+01,4.762500798335182139e+00
5.239067746594455599e+01,7.912065532221856756e+01,4.762500798335182139e+00
8.636747629073514076e+01,9.415651553048456890e+01,4.762500798335182139e+00
9.193655391627292772e+01,9.798806665469470545e+01,4.762500798335182139e+00
8.327478693283865141e+01,9.318621881114991368e+01,4.762500798335182139e+00
8.299614460995664444e+01,9.691375803423558466e+01,4.762500798335182139e+00
9.405441514952497073e+01,9.950059571715809170e+01,4.762500798335182139e+00
7.811813665035938925e+01,9.263557776025986357e+01,4.762500798335182139e+00
9.054305251665746823e+01,9.933335020752528521e+01,4.762500798335182139e+00
1.070126750276052263e+02,9.755780251239357881e+01,4.762500798335182139e+00
7.735550554175719640e+01,8.797217210401214516e+01,4.761461396769533394e+00
8.773059265784998217e+01,9.721921829445861363e+01,4.761461396769533394e+00
8.834272261156426964e+01,9.687273376684595405e+01,4.761461396769533394e+00
6.667672110437908373e+01,9.095638888464488048e+01,4.761461396769533394e+00
1.004052808470450344e+02,1.007556544443636284e+02,4.761461396769533394e+00
8.032083629148635850e+01,9.234937320244328873e+01,4.761461396769533394e+00
9.914655090481890909e+01,9.201416946420135901e+01,4.761461396769533394e+00
9.848805815010814513e+01,1.026442366353346358e+02,4.761461396769533394e+00
8.599110621555632861e+01,9.650402626834622311e+01,4.724623313011193204e+00
9.505767445868373500e+01,1.003050717577089870e+02,4.724623313011193204e+00
9.951537305279880741e+01,9.943063997817989730e+01,4.699327941116592910e+00
8.748665145108327579e+01,9.452169959103822805e+01,4.668786056305776810e+00
7.055871160916316853e+01,8.941486580354217040e+01,4.668786056305776810e+00
1.006325778691271466e+02,1.000869128985895031e+02,4.668786056305776810e+00
9.068892274191784963e+01,9.556501314253000601e+01,4.668786056305776810e+00
8.534029986882201513e+01,9.290079619739674399e+01,4.668786056305776810e+00
5.941387373407745542e+01,8.660874607619670940e+01,4.668786056305776810e+00
8.437885119530646705e+01,9.195730719524922847e+01,4.668786056305776810e+00
6.967550698625673533e+01,9.269788406741486142e+01,4.668786056305776810e+00
8.184388090632599244e+01,9.527362414693671155e+01,4.638088210730757055e+00
7.507937513019298592e+01,9.538688379360459635e+01,4.638088210730757055e+00
7.953952811662756517e+01,8.817985692715444657e+01,4.638088210730757055e+00
7.334349650901442885e+01,9.296770039995804780e+01,4.638088210730757055e+00
9.868857714422489380e+01,9.741357226109332146e+01,4.638088210730757055e+00
8.024800085849571474e+01,9.515591764917861894e+01,4.638088210730757055e+00
1.055332242969903689e+02,9.007050186107750278e+01,4.638088210730757055e+00
9.926677789852890044e+01,9.430033552158523946e+01,4.638088210730757055e+00
9.765798411906550314e+01,9.731245843916238414e+01,4.638088210730757055e+00
6.365799306393405743e+01,8.773679341276472599e+01,4.638088210730757055e+00
9.279948847552587665e+01,9.927838882801518139e+01,4.638088210730757055e+00
9.694350245977676650e+01,9.582730986488049041e+01,4.638088210730757055e+00
8.936014401368822746e+01,9.861130633046812477e+01,4.638088210730757055e+00
7.206603087529906304e+01,9.410804358040681450e+01,4.638088210730757055e+00
8.281368769469119684e+01,9.641314313186032336e+01,4.595931998090918569e+00
8.636990314301341698e+01,9.448159839238483926e+01,4.595931998090918569e+00
1.037014333031142570e+02,8.658793630891375415e+01,4.595931998090918569e+00
8.210291091418514497e+01,8.978744135967717455e+01,4.595931998090918569e+00
7.117374213037098230e+01,9.128990238728491136e+01,4.595931998090918569e+00
7.849357228969408595e+01,9.307642554808695934e+01,4.595931998090918569e+00
9.437050182214839822e+01,1.010742661421585495e+02,4.595931998090918569e+00
8.796808796368767958e+01,9.759454879839229591e+01,4.595931998090918569e+00
8.196955728907144589e+01,9.669637637706728128e+01,4.595931998090918569e+00
1.172174905405519212e+02,9.562782271619373375e+01,4.595931998090918569e+00
6.801308314550388445e+01,9.141324089012188381e+01,4.561795275730261778e+00
6.680646499615016864e+01,9.243399355795432371e+01,4.561795275730261778e+00
9.558796400071665289e+01,1.018465250545811358e+02,4.561795275730261778e+00
1.070114100640068102e+02,9.546390657439258121e+01,4.561795275730261778e+00
8.902782283132958696e+01,9.486643210137567905e+01,4.561795275730261778e+00
1.072303016913614755e+02,7.955230476106177662e+01,4.561795275730261778e+00
9.037939636247622843e+01,1.033409445401044024e+02,4.561795275730261778e+00
8.429237088995485294e+01,9.736934440530193058e+01,4.561795275730261778e+00
8.145393998861396767e+01,8.870662803245026851e+01,4.561795275730261778e+00
9.288542856067628861e+01,9.849321391137665671e+01,4.561795275730261778e+00
8.173018339254879550e+01,9.555321463423260298e+01,4.561795275730261778e+00
9.159465034314888499e+01,9.914438245833953545e+01,4.561795275730261778e+00
9.182409425784183554e+01,9.817833039562664510e+01,4.561795275730261778e+00
8.658249922033020596e+01,9.913475498916909601e+01,4.561795275730261778e+00
6.746622075820823738e+01,9.146040771736868180e+01,4.561795275730261778e+00
8.687977605612741172e+01,9.678310731726833183e+01,4.520973658174952448e+00
7.054795305460285704e+01,9.246116974524731802e+01,4.520973658174952448e+00
8.010056294886712180e+01,9.914001955654914866e+01,4.520973658174952448e+00
7.814250989158651350e+01,9.430333011031245860e+01,4.520973658174952448e+00
7.495066811706067256e+01,9.049071750619947352e+01,4.520973658174952448e+00
7.927686070337115609e+01,9.157750054289677166e+01,4.520973658174952448e+00
6.831076127296249467e+01,8.900699687761519385e+01,4.520973658174952448e+00
7.646725243763383162e+01,9.036387569471227721e+01,4.520973658174952448e+00
8.539016994558791396e+01,9.711029568982789328e+01,4.520973658174952448e+00
7.910050212375948320e+01,9.514860902805990861e+01,4.520973658174952448e+00
8.755619971472734164e+01,1.012582444790270557e+02,4.520973658174952448e+00
8.777823839727764721e+01,9.869188612320151321e+01,4.520973658174952448e+00
8.926375178007685918e+01,9.703386766871697944e+01,4.520973658174952448e+00
8.328351018157751184e+01,9.673608031737873603e+01,4.520973658174952448e+00
8.888374201366123373e+01,1.004666020224033787e+02,4.520973658174952448e+00
6.951475425157927646e+01,9.321860574677060640e+01,4.520973658174952448e+00
9.230220129792317607e+01,9.593380048664589310e+01,4.520973658174952448e+00
9.655786243804314495e+01,9.244428020675590574e+01,4.520973658174952448e+00
6.949111581165780649e+01,7.794683243106474890e+01,4.520973658174952448e+00
9.469274428192615289e+01,9.678827968034714502e+01,4.520973658174952448e+00
8.623016185952738510e+01,9.833746216106339944e+01,4.520973658174952448e+00
7.368366777755531416e+01,9.131526168306184843e+01,4.520973658174952448e+00
6.779059391820487690e+01,8.644775542518472378e+01,3.302916553631220609e+00
8.410499624408453201e+01,9.796399266269894213e+01,3.302916553631220609e+00
7.561030614224017654e+01,9.426064968432626756e+01,3.302916553631220609e+00
8.998957795547893568e+01,9.581149207619613151e+01,3.302916553631220609e+00
1.021073263243144709e+02,1.032742825075162045e+02,3.302916553631220609e+00
7.647531897920778476e+01,9.585416577130141036e+01,3.302916553631220609e+00
7.181161732238869888e+01,9.097120330816078138e+01,3.302916553631220609e+00
9.563051678578618464e+01,1.021786481612186037e+02,3.302916553631220609e+00
5.978290735705684256e+01,8.808211505888914417e+01,3.302916553631220609e+00
7.889373043869079538e+01,9.402354021949305718e+01,3.302916553631220609e+00
6.810115944247525022e+01,8.730382995629351228e+01,3.302916553631220609e+00
8.461879958587812212e+01,9.759790954655763073e+01,3.302916553631220609e+00
7.300724466500091125e+01,9.344731767345571427e+01,3.302916553631220609e+00
8.074151011593338012e+01,9.724234122476718767e+01,3.302916553631220609e+00
9.409264626317697378e+01,9.867305179714313113e+01,3.302916553631220609e+00
6.998882169672376108e+01,9.093590689837378704e+01,3.302916553631220609e+00
6.999698810457570630e+01,9.243744885507385334e+01,3.302916553631220609e+00
8.849951429178295825e+01,9.721476974204198029e+01,3.302916553631220609e+00
7.024184906607872847e+01,9.577293369112611288e+01,3.302916553631220609e+00
5.632273753233833702e+01,8.230787256482804537e+01,3.302916553631220609e+00
8.617815263930833680e+01,9.608588011740027923e+01,3.302916553631220609e+00
1.013823493396020865e+02,1.016657013794445987e+02,3.302916553631220609e+00
7.473184084231230884e+01,9.827187145576742466e+01,3.302916553631220609e+00
8.257303528438913531e+01,9.495436347853291181e+01,3.301539483820064902e+00
7.930608563049699455e+01,9.594897775464207257e+01,3.301539483820064902e+00
8.355271641176315711e+01,1.046501323506125516e+02,3.301539483820064902e+00
7.471411914094146312e+01,9.367225986271931504e+01,3.301539483820064902e+00
8.251204120415725640e+01,9.932051636654355775e+01,3.301539483820064902e+00
9.179493380671502223e+01,1.003285870885778053e+02,3.301539483820064902e+00
8.567802622316665406e+01,1.012247205079944337e+02,3.253804935616912530e+00
6.758976408103384870e+01,9.633402110266885643e+01,3.253804935616912530e+00
9.139185490971968306e+01,1.019372235286857347e+02,3.253804935616912530e+00
9.457415324532647105e+01,1.022206932716000978e+02,3.253804935616912530e+00
8.891262535694946223e+01,1.046847508767246495e+02,3.253804935616912530e+00
7.543771861308286475e+01,9.443207204843726288e+01,3.253804935616912530e+00
8.919654997094232840e+01,9.120830484956802309e+01,3.179763515490407144e+00
7.255480025946107503e+01,9.463983549760456526e+01,3.179763515490407144e+00
8.272815005946618783e+01,1.052071784918933730e+02,3.179763515490407144e+00
8.189875622644260034e+01,9.000027440842897875e+01,3.179763515490407144e+00
8.941316527662911540e+01,9.732382950221966667e+01,3.179763515490407144e+00
1.050140658686957096e+02,1.052388519544483785e+02,3.179763515490407144e+00
8.247363463525398686e+01,9.776863604828062648e+01,3.179763515490407144e+00
9.269578991207842478e+01,1.040228132785184982e+02,3.179763515490407144e+00
7.576146183969068204e+01,9.833834439621296042e+01,3.179763515490407144e+00
8.125906946061786584e+01,1.033987161909891910e+02,3.179763515490407144e+00
5.996403218853613737e+01,9.111983125392235650e+01,3.179763515490407144e+00
9.861539148956926226e+01,1.035736013118128369e+02,3.179763515490407144e+00
1.014306772825588752e+02,1.033126122946126628e+02,3.179763515490407144e+00
9.034496979310237919e+01,1.020987353714521078e+02,3.179763515490407144e+00
7.465544811848231177e+01,9.422622978480610811e+01,3.179763515490407144e+00
8.327398625409878719e+01,1.045272559612416217e+02,3.179763515490407144e+00
8.526337216063907931e+01,9.824884725158094056e+01,3.179763515490407144e+00
9.754711420392955290e+01,9.738960239411748887e+01,3.179763515490407144e+00
7.787225649762784485e+01,9.642917823105035779e+01,3.179763515490407144e+00
7.984441203564142597e+01,9.303433782938802210e+01,3.179763515490407144e+00
8.950948310144947584e+01,1.009583030820252247e+02,3.179763515490407144e+00
9.802923649867477707e+01,1.048759690064275958e+02,3.179576765886437784e+00
7.948356873779350451e+01,9.489591206634874254e+01,3.179576765886437784e+00
8.974186838522408038e+01,1.022840025138202975e+02,3.179576765886437784e+00
9.074759455325758495e+01,1.018937885552492446e+02,3.179576765886437784e+00
8.530143423963386340e+01,9.575462643233819904e+01,3.179576765886437784e+00
8.400322690125872782e+01,9.667262054351881773e+01,3.179576765886437784e+00
8.092540381593194354e+01,1.021189138415452078e+02,3.179576765886437784e+00
7.451810485102268444e+01,9.763907938933567721e+01,3.179576765886437784e+00
7.698079536944960921e+01,9.905969426024729785e+01,3.179576765886437784e+00
9.458204433157560231e+01,1.043389421575531060e+02,3.179576765886437784e+00
9.395161385942029142e+01,1.004480882060069860e+02,3.179576765886437784e+00
7.645098866724649156e+01,9.620451903396742921e+01,3.179576765886437784e+00
8.439797828804049118e+01,9.605278346413827251e+01,3.175854289147878262e+00
8.827188554943683130e+01,1.010439238728588691e+02,3.175854289147878262e+00
8.955175553438731129e+01,9.678559646704425745e+01,3.175828081228985411e+00
9.400610205274134046e+01,9.770164885335256599e+01,3.175828081228985411e+00
6.953852658470832182e+01,9.388815155949345126e+01,3.175828081228985411e+00
8.591687651246381563e+01,9.924146518731295430e+01,3.175828081228985411e+00
6.715822769535751036e+01,9.510500053415906052e+01,3.175828081228985411e+00
7.954877060211376261e+01,9.350466615247346169e+01,3.175828081228985411e+00
6.359578119886926828e+01,9.041508263232127263e+01,3.175828081228985411e+00
7.562386382179487043e+01,9.546722898565738546e+01,3.175828081228985411e+00
8.143796593650208138e+01,9.542393343639496095e+01,3.175828081228985411e+00
9.752908377369335824e+01,1.047345363428712233e+02,3.175828081228985411e+00
9.475494926887419922e+01,9.864779076968116556e+01,3.175828081228985411e+00
9.209978927295037465e+01,1.024958428152881424e+02,3.175828081228985411e+00
7.116216144869579807e+01,9.338710811030489367e+01,3.175828081228985411e+00
8.083097908307591695e+01,9.728394922966242575e+01,3.175828081228985411e+00
9.883812937132086063e+01,1.041316395244980555e+02,3.175828081228985411e+00
6.534703565061980157e+01,9.134621808940519827e+01,3.175828081228985411e+00
8.578919003860083592e+01,1.026940337264198178e+02,3.173397034278139017e+00
8.978644969206474968e+01,9.941077831563593747e+01,3.173397034278139017e+00
8.309709738362730036e+01,9.817984641423807091e+01,3.173397034278139017e+00
9.299333241286637985e+01,1.030283803698473548e+02,3.173397034278139017e+00
7.174669698787761263e+01,9.532767312589757580e+01,3.173397034278139017e+00
6.978190466513761692e+01,9.300831242023507173e+01,3.173397034278139017e+00
9.601552724564211871e+01,1.059945456248103426e+02,3.173397034278139017e+00
6.398711475402552651e+01,9.138284633158683334e+01,3.173397034278139017e+00
8.827962767880364936e+01,1.029727103620752331e+02,3.173397034278139017e+00
7.054623163352805193e+01,9.402364082175020599e+01,3.173397034278139017e+00
6.652468668959512854e+01,9.328972438855836913e+01,3.173397034278139017e+00
8.988649986411712689e+01,9.665297843568320957e+01,3.173397034278139017e+00
6.974069352136648092e+01,9.551324003348302938e+01,3.173397034278139017e+00
1.029793032199753071e+02,1.051607091028529197e+02,3.173397034278139017e+00
8.934240545369392805e+01,9.886075610610447484e+01,3.173397034278139017e+00
9.165494280501337698e+01,9.397693645741004786e+01,3.173397034278139017e+00
9.468133238134063845e+01,9.087202343434753971e+01,3.173397034278139017e+00
7.432127788084633835e+01,9.855015431436265771e+01,3.173397034278139017e+00
1.149504497193343013e+02,9.498031025855033249e+01,3.173397034278139017e+00
8.788417694097117305e+01,1.036542517766510372e+02,3.173397034278139017e+00
8.947768320142958487e+01,9.590232409852096396e+01,3.173397034278139017e+00
8.230903634954398740e+01,9.816142251875460545e+01,3.173397034278139017e+00
8.702096785089750597e+01,1.030520164741431302e+02,3.173397034278139017e+00
7.579638722832829956e+01,9.975178595168489437e+01,3.172684461302736736e+00
8.149217628550152881e+01,9.747434160868726849e+01,3.172684461302736736e+00
7.368130272579483631e+01,9.628162678725389867e+01,3.172684461302736736e+00
8.704212689434659467e+01,1.029363781855171567e+02,3.172684461302736736e+00
6.601862000827668453e+01,9.416179277901561306e+01,3.172684461302736736e+00
8.918579034567464703e+01,1.008676996673060415e+02,3.172684461302736736e+00
9.511393172858224432e+01,9.936765519582290551e+01,3.172684461302736736e+00
1.037108640959456807e+02,1.040875232880324148e+02,3.172684461302736736e+00
8.502349669894530848e+01,1.024897330897745462e+02,3.172684461302736736e+00
1.025466327958934301e+02,1.069420924217782982e+02,3.172684461302736736e+00
9.027961414994669553e+01,1.017489996146398283e+02,3.172684461302736736e+00
1.023310473944596737e+02,9.894937119849824114e+01,3.172684461302736736e+00
9.353234708366909445e+01,1.054486968485169598e+02,3.172684461302736736e+00
9.001152814593125129e+01,1.040080057318602513e+02,3.172684461302736736e+00
8.364113490644191984e+01,9.474342880642998921e+01,3.172684461302736736e+00
7.715652448162634869e+01,9.763738460919792317e+01,3.172684461302736736e+00
7.841642285904404730e+01,9.912333590882980161e+01,3.172684461302736736e+00
9.664752881688221464e+01,1.050784474375312243e+02,3.172684461302736736e+00
5.138444380929836086e+01,8.430629727156441788e+01,3.172684461302736736e+00
8.664705633943660246e+01,9.865700064610989273e+01,3.172684461302736736e+00
8.725693688334260401e+01,9.950944219182930794e+01,3.172684461302736736e+00
7.636832884691202139e+01,9.876674756536937139e+01,3.172684461302736736e+00
9.048285671617092873e+01,1.024845542101548972e+02,3.172684461302736736e+00
8.733808226180580903e+01,1.019942188113557933e+02,3.172684461302736736e+00
6.661713793210692813e+01,8.919185739937506696e+01,3.172684461302736736e+00
7.720736727728854021e+01,9.794078416830571143e+01,3.172684461302736736e+00
6.111091417566733242e+01,8.545247177170396924e+01,3.172684461302736736e+00
7.331738429122492562e+01,9.411404405604825740e+01,3.158105870039960905e+00
9.609060172183808390e+01,1.015390522018807502e+02,3.158105870039960905e+00
7.889335174390859606e+01,9.561841926080477094e+01,3.158105870039960905e+00
6.724691701071415650e+01,9.202260908358306324e+01,3.158105870039960905e+00
8.051712266878332969e+01,1.003599901496344984e+02,3.155984205614132065e+00
8.330073345878204805e+01,1.022924943255640073e+02,3.155984205614132065e+00
9.291719230890819858e+01,1.049081585698877461e+02,3.155984205614132065e+00
9.015732120400583938e+01,9.713590021396609586e+01,3.155984205614132065e+00
9.392722236549727199e+01,1.025648265981195664e+02,3.155984205614132065e+00
9.428354406514807806e+01,1.037848840497254059e+02,3.155984205614132065e+00
9.098546149020539531e+01,9.807636908196559489e+01,3.155984205614132065e+00
9.089616669971718466e+01,1.006493956136538088e+02,3.155984205614132065e+00
9.597996734440462774e+01,1.035465713049400591e+02,3.155984205614132065e+00
8.486765458633585979e+01,1.015527259000557336e+02,3.155984205614132065e+00
7.504591538746736035e+01,1.014814119493336619e+02,3.155984205614132065e+00
8.214810214182786297e+01,1.006487446378906299e+02,3.155984205614132065e+00
9.545673381851227646e+01,1.048825434149663209e+02,3.155984205614132065e+00
1.005828172114905783e+02,1.043546029863491214e+02,3.155984205614132065e+00
7.325721565157701320e+01,9.602004823620501384e+01,3.155984205614132065e+00
9.984882370105940197e+01,1.025063458857391083e+02,3.140243452931201773e+00
8.837483618456231227e+01,9.891512636368408096e+01,3.140243452931201773e+00
1.038038463073607716e+02,1.063686502706521537e+02,3.140243452931201773e+00
8.120375719858033392e+01,9.634118828492880482e+01,3.140243452931201773e+00
7.465731869385237474e+01,9.860426747377910317e+01,3.140243452931201773e+00
8.020381549957176048e+01,1.003449091654480867e+02,3.140243452931201773e+00
9.314784512371004155e+01,9.412348215863634948e+01,3.140243452931201773e+00
1.074983399900478105e+02,1.025589276792519371e+02,3.140243452931201773e+00
6.975097714096509094e+01,9.725488359151368911e+01,3.140243452931201773e+00
9.797446446925206942e+01,1.027038781565378684e+02,3.140243452931201773e+00
1.098751608722721755e+02,1.039844313317371274e+02,3.140243452931201773e+00
8.704419581741016998e+01,9.864264922878838604e+01,3.140243452931201773e+00
8.659066349577904020e+01,1.045113728284438110e+02,3.140243452931201773e+00
8.819158492557771467e+01,9.893622920077167748e+01,3.140243452931201773e+00
6.301753393987296192e+01,9.355897569808306002e+01,3.140243452931201773e+00
9.710496504743539958e+01,9.631747917336616638e+01,3.140243452931201773e+00
8.612302253615901293e+01,9.661466046050600198e+01,3.140243452931201773e+00
7.597798658733115928e+01,9.762324609461992964e+01,3.140243452931201773e+00
7.548752868952442441e+01,9.357528881360674688e+01,3.140243452931201773e+00
8.633405500822877343e+01,1.047152271963397112e+02,3.140243452931201773e+00
1.016327868775475878e+02,1.017318794618229560e+02,3.140243452931201773e+00
9.469997563805907248e+01,1.016469353959323740e+02,3.140243452931201773e+00
7.737028235577483315e+01,9.672774260966203030e+01,3.140243452931201773e+00
7.772381558428811843e+01,9.705369000033242344e+01,3.140243452931201773e+00
7.731210467955946797e+01,9.718433531256356162e+01,3.140243452931201773e+00
7.071665069371145762e+01,9.790552046681638387e+01,3.140243452931201773e+00
9.494008746595901016e+01,1.016643092690328274e+02,3.140243452931201773e+00
6.083961960182853090e+01,8.946813474337764660e+01,3.140243452931201773e+00
8.069970519707717926e+01,9.635795818402553436e+01,3.140243452931201773e+00
9.390889969287709960e+01,9.961383456167753536e+01,3.140243452931201773e+00
9.095986927505256858e+01,1.016877145714922932e+02,3.140243452931201773e+00
8.187464342764147318e+01,9.805790419371851385e+01,3.140243452931201773e+00
9.990769714656245526e+01,1.061668691348240117e+02,3.140243452931201773e+00
8.750569673677560445e+01,1.013421768363232474e+02,3.140243452931201773e+00
8.155264555798362380e+01,9.889470769858571941e+01,3.140243452931201773e+00
8.456824517063886049e+01,9.992234770727155535e+01,3.140243452931201773e+00
9.602974318470212722e+01,1.020968707218876972e+02,3.140243452931201773e+00
8.372976928711111100e+01,1.034253540711186758e+02,3.140243452931201773e+00
9.134550223694414228e+01,1.048247212042966652e+02,3.140243452931201773e+00
9.809702934634071880e+01,9.940809853092154924e+01,3.140243452931201773e+00
8.584143664003195795e+01,9.745376698090876744e+01,3.140243452931201773e+00
8.118091979995716656e+01,9.556649088209975673e+01,3.140243452931201773e+00
8.628430350600950760e+01,9.782192576977266185e+01,3.140243452931201773e+00
6.955907421233328591e+01,9.406964505606417504e+01,3.140243452931201773e+00
1.213861930133435578e+02,9.610458519578945413e+01,3.140243452931201773e+00
1.024152966509943354e+02,1.054976668535557991e+02,3.140243452931201773e+00
6.555481181484051945e+01,9.131625380912889511e+01,3.140243452931201773e+00
9.867252595325501829e+01,1.025688876841608845e+02,3.122343040970349648e+00
7.469345179848107819e+01,9.866713775933057207e+01,3.122343040970349648e+00
9.360994298908858013e+01,1.018870188453600889e+02,3.122343040970349648e+00
8.328118869711299510e+01,1.004240787970149853e+02,3.122343040970349648e+00
8.390439764547754464e+01,1.004526862524811293e+02,3.122343040970349648e+00
9.307972441729965851e+01,1.019498666262048943e+02,3.122343040970349648e+00
1.191611072051372986e+02,1.146276667902606761e+02,3.122343040970349648e+00
9.038059261372328024e+01,9.718373559007932272e+01,3.122343040970349648e+00
9.830456471319405409e+01,1.055463578211424220e+02,3.122343040970349648e+00
9.388414501267234868e+01,1.032477036832265753e+02,3.122343040970349648e+00
9.851022036064821918e+01,8.784663405603265574e+01,3.122343040970349648e+00
8.452893707823717762e+01,1.020310486943467083e+02,3.122343040970349648e+00
9.170248885518338966e+01,1.019594858829614594e+02,3.122343040970349648e+00
7.980355714992333560e+01,9.935912039897584691e+01,3.122343040970349648e+00
9.815965026583738506e+01,1.023918462944906196e+02,3.122343040970349648e+00
9.536934095524195243e+01,1.014808726579704938e+02,3.122343040970349648e+00
9.586979591384081800e+01,9.796761087773499810e+01,3.122343040970349648e+00
6.728603173856683384e+01,8.964469661323664695e+01,3.111606201210491918e+00
8.640600558417304455e+01,9.927974814095153988e+01,3.111606201210491918e+00
8.080431320638317061e+01,9.731898197805729467e+01,3.111606201210491918e+00
9.728997090838990403e+01,8.816794458638861443e+01,3.111606201210491918e+00
9.936789950751931144e+01,1.010736188617773763e+02,3.111606201210491918e+00
8.991084664612796473e+01,1.037531518782728313e+02,3.111606201210491918e+00
8.295601582635745785e+01,1.010349065908333017e+02,3.111606201210491918e+00
8.588176946425070923e+01,1.023097425638554938e+02,3.111606201210491918e+00
7.106226623054018887e+01,9.956513274327880936e+01,3.111606201210491918e+00
8.438757362908991411e+01,1.023133167284548506e+02,3.042587109975116277e+00
8.880962117141562828e+01,1.003102022034876626e+02,3.042587109975116277e+00
8.663951427132950300e+01,1.002420515256518456e+02,3.042587109975116277e+00
8.802747418339677665e+01,9.583760430269018116e+01,3.042587109975116277e+00
8.750076324328433941e+01,1.021121802228688580e+02,3.042587109975116277e+00
8.317983151906989292e+01,9.717514987973001439e+01,3.042587109975116277e+00
7.045568268302227466e+01,8.736194901644509514e+01,3.042587109975116277e+00
8.894828937803251279e+01,9.836834134084419645e+01,3.042587109975116277e+00
7.295874598853723114e+01,9.258272826282508561e+01,3.042587109975116277e+00
8.174856066538706045e+01,1.016513743290448843e+02,3.042587109975116277e+00
8.253911996068532630e+01,9.594872514446898037e+01,3.042587109975116277e+00
7.624951635976853481e+01,9.857425469634077331e+01,3.042587109975116277e+00
8.341394255823267656e+01,1.030289231333038771e+02,3.042587109975116277e+00
8.249011750121917430e+01,1.008021306157718442e+02,3.042587109975116277e+00
1.059159713475674351e+02,1.059493145421753582e+02,3.042587109975116277e+00
8.073974513173853040e+01,9.444591590177390117e+01,3.042587109975116277e+00
6.941311420843321400e+01,9.491116534187437992e+01,3.042587109975116277e+00
6.893833919835353186e+01,9.598799065701128086e+01,3.042587109975116277e+00
7.979161200098755558e+01,9.573810646264395530e+01,3.042587109975116277e+00
9.030422583953102844e+01,9.960173081196568035e+01,3.042587109975116277e+00
8.447008265874913491e+01,1.030011226500903376e+02,3.042587109975116277e+00
7.949614716181233121e+01,9.933116636053370030e+01,3.042587109975116277e+00
8.530692618150553130e+01,1.054908737524078362e+02,3.042587109975116277e+00
1.000621299159789430e+02,1.022165997469762431e+02,3.042587109975116277e+00
6.930978334763260307e+01,9.581201268232523205e+01,3.042587109975116277e+00
8.714461043058813061e+01,1.003912204468091431e+02,3.042587109975116277e+00
9.534832471714591406e+01,1.014884208826971701e+02,3.042587109975116277e+00
7.980972208452672589e+01,9.870618608125586491e+01,3.042587109975116277e+00
8.279594028332630273e+01,1.045808915046800962e+02,3.042587109975116277e+00
8.227684597268125799e+01,9.996824330659016766e+01,3.042587109975116277e+00
9.117317498664732511e+01,1.035108358252332863e+02,3.041900120066614477e+00
8.435124014909935397e+01,9.532053538869141107e+01,3.041900120066614477e+00
8.129660475153379195e+01,1.013424710881268993e+02,3.041900120066614477e+00
8.111320205830071473e+01,9.404470446267063721e+01,3.041900120066614477e+00
8.833153649463358192e+01,9.217559748758598914e+01,3.041900120066614477e+00
1.114339712293344320e+02,9.672122660655493576e+01,3.041900120066614477e+00
8.104918387326213747e+01,1.000211316371729282e+02,3.041900120066614477e+00
7.174137393950040575e+01,9.393563447514314646e+01,3.041900120066614477e+00
8.003727994817199942e+01,9.959060923277515087e+01,3.041282218422637129e+00
9.530652832015663023e+01,1.031286574254474289e+02,3.041282218422637129e+00
9.648853761405395346e+01,9.332524305459942582e+01,3.041282218422637129e+00
7.930083876946399357e+01,9.861078434230354617e+01,3.041282218422637129e+00
8.761030071362783644e+01,1.032328742584020489e+02,3.041282218422637129e+00
9.382687309390765051e+01,9.663588990182765315e+01,3.041282218422637129e+00
9.005402457290665552e+01,1.011129961574003175e+02,3.041282218422637129e+00
7.096558583247183094e+01,1.000142119980905591e+02,3.040603155183603690e+00
8.192469749118215816e+01,1.021473043110823227e+02,3.040603155183603690e+00
8.884000841606861343e+01,1.014331299427649355e+02,3.040603155183603690e+00
6.607753834571533957e+01,9.023487001267727692e+01,3.040603155183603690e+00
1.093438370582470327e+02,9.583472323578335761e+01,3.040603155183603690e+00
1.160777234356829979e+02,9.513333264640210984e+01,3.040603155183603690e+00
7.520596455311070372e+01,9.913632360995740100e+01,3.040603155183603690e+00
7.703548679388275389e+01,1.010589382879137048e+02,3.040603155183603690e+00
7.558704112051036361e+01,9.427076235340916810e+01,3.040603155183603690e+00
9.042467048376437333e+01,9.944134157966151122e+01,3.040603155183603690e+00
1.205130140121986670e+02,1.033664358392330200e+02,3.040603155183603690e+00
9.101536122261184403e+01,1.024799285981354586e+02,3.040603155183603690e+00
9.470136012681636828e+01,9.844234052837633442e+01,3.040603155183603690e+00
8.244241688459524653e+01,9.718551851922001106e+01,3.040603155183603690e+00
6.527761493836199236e+01,9.241759142335983768e+01,3.040603155183603690e+00
7.672266642307513962e+01,9.806099237251170564e+01,3.040603155183603690e+00
9.033448653996671851e+01,1.057606998579258573e+02,3.040603155183603690e+00
1.007556700065255626e+02,1.017768552136007969e+02,3.040603155183603690e+00
9.089582413716797760e+01,1.024528512462628100e+02,3.040603155183603690e+00
8.720661161900117975e+01,1.026571544993633722e+02,3.040603155183603690e+00
7.969998826188279395e+01,9.890438332334920801e+01,3.040603155183603690e+00
8.363758994570804362e+01,1.007025459202897650e+02,3.040603155183603690e+00
7.419398750605770942e+01,9.459465824444262694e+01,3.040603155183603690e+00
7.146424227083220160e+01,9.292543468947597773e+01,3.040603155183603690e+00
9.094860347592512539e+01,1.003125285292248918e+02,3.040603155183603690e+00
6.996203844181444254e+01,9.760522660395452021e+01,3.040603155183603690e+00
9.487955977099757376e+01,1.044946541382353331e+02,3.040603155183603690e+00
7.527977840697857914e+01,9.690544710179665344e+01,3.039058575154768960e+00
9.889365130906273293e+01,1.085235958164876138e+02,3.039058575154768960e+00
9.171941897536798649e+01,9.707994695011616670e+01,3.039058575154768960e+00
6.923842115842845146e+01,9.552401912141675666e+01,3.039058575154768960e+00
6.631519765597275295e+01,9.034965280059581971e+01,3.039058575154768960e+00
7.783143444151961887e+01,9.849858752663584482e+01,3.039058575154768960e+00
6.396638565670184562e+01,9.039567451403512166e+01,3.039058575154768960e+00
8.097291709855031172e+01,9.887573913820310167e+01,3.039058575154768960e+00
7.601407664674778175e+01,9.835870552227025598e+01,3.039058575154768960e+00
9.149611574706236183e+01,1.063087642970512690e+02,3.039058575154768960e+00
8.852539029471557797e+01,1.009849246845825377e+02,3.039058575154768960e+00
7.777174938884616040e+01,9.689714397178595107e+01,3.039058575154768960e+00
9.857697181392231300e+01,1.014218206182389537e+02,3.039058575154768960e+00
1.021063447607016599e+02,1.032655188765583176e+02,3.029258041131683399e+00
1.090965588514491458e+02,1.043238844869645021e+02,3.029258041131683399e+00
7.188047655945430847e+01,9.306076805587063916e+01,3.029258041131683399e+00
7.268126857592211820e+01,9.699445231434272330e+01,3.029258041131683399e+00
7.984130567989515725e+01,9.973751217372129929e+01,3.029258041131683399e+00
8.647279767405031237e+01,1.043620765431494704e+02,3.029258041131683399e+00
8.584267576617773443e+01,1.019796018498001615e+02,3.029258041131683399e+00
7.463259847947321646e+01,9.716006337547183591e+01,3.029258041131683399e+00
8.435134979448170611e+01,9.878406625084869574e+01,3.029258041131683399e+00
8.118661413469062893e+01,9.810328059550083424e+01,3.029258041131683399e+00
8.151815205967365330e+01,9.584073805601522622e+01,3.029258041131683399e+00
7.472754570220809001e+01,9.744945481010967114e+01,3.029258041131683399e+00
8.637623336524261219e+01,9.564588919208264883e+01,3.029258041131683399e+00
8.737413342075815592e+01,9.864651744637021125e+01,3.029258041131683399e+00
8.676835888464449908e+01,1.017133251758312156e+02,3.029258041131683399e+00
7.994647211370917717e+01,1.023417669388392426e+02,3.029258041131683399e+00
9.623471736941425547e+01,1.024624671501878623e+02,3.029258041131683399e+00
9.224235131489420780e+01,1.013656797773255818e+02,3.029258041131683399e+00
8.583743876871720602e+01,1.011632457876219888e+02,3.029258041131683399e+00
6.662951342271040289e+01,9.567643941016372366e+01,3.029258041131683399e+00
9.841465571190154549e+01,1.037182932226307202e+02,3.029258041131683399e+00
8.907874334287507168e+01,1.062176964715387015e+02,3.029258041131683399e+00
9.349618501877625931e+01,1.005944451582317924e+02,3.029258041131683399e+00
7.621068545258465576e+01,9.977531228978365618e+01,3.029258041131683399e+00
7.666059511671497262e+01,9.570419759916269697e+01,3.029258041131683399e+00
7.505078203886941424e+01,9.510886599262943264e+01,3.029258041131683399e+00
9.582919402180638713e+01,1.008440649728177760e+02,3.029258041131683399e+00
1.138568345144191483e+02,9.522824433688801093e+01,3.029258041131683399e+00
7.684863694552204549e+01,9.808079601971098782e+01,3.029258041131683399e+00
8.986505903419474350e+01,1.030789370010242152e+02,3.029258041131683399e+00
7.270448185630155535e+01,9.256703456314146194e+01,3.029258041131683399e+00
7.573439892869552637e+01,9.864299741340039418e+01,3.029258041131683399e+00
8.516912861610930463e+01,9.636475768514424090e+01,3.029258041131683399e+00
9.794770538326976350e+01,1.009521754821971626e+02,3.029258041131683399e+00
8.258161017746802202e+01,1.000046662079994633e+02,3.029258041131683399e+00
7.929908222140821294e+01,9.675825113143255862e+01,3.029258041131683399e+00
8.615195625176552596e+01,1.010526246746364478e+02,3.029258041131683399e+00
7.935814455002228840e+01,9.592244816959353670e+01,3.029258041131683399e+00
8.846694176432757217e+01,1.021840619656895512e+02,3.029258041131683399e+00
1.071742294443836272e+02,1.019663669595959590e+02,3.029258041131683399e+00
7.610806027150252362e+01,9.854048740175055343e+01,3.029258041131683399e+00
9.119371433705288155e+01,1.033049275846982340e+02,3.027260590035069754e+00
7.595396935852242848e+01,9.435524180292543406e+01,3.027260590035069754e+00
9.808235166630721835e+01,9.764950460044362046e+01,3.027260590035069754e+00
1.013262962991900338e+02,9.766098714198157893e+01,3.027260590035069754e+00
9.732030593747526837e+01,9.628942171599526034e+01,3.027260590035069754e+00
1.025421421139893994e+02,1.040940954472846727e+02,3.027260590035069754e+00
8.674656803563091501e+01,1.001621841179665040e+02,3.027260590035069754e+00
1.144921977953176366e+02,9.824807828744923199e+01,3.027260590035069754e+00
6.930975306245885292e+01,9.720938878860644650e+01,3.027260590035069754e+00
8.625844680109779006e+01,9.649660170357417144e+01,3.027260590035069754e+00
8.171308180971642798e+01,9.339770297564044199e+01,3.027260590035069754e+00
9.846426052389462313e+01,1.040468454542554753e+02,3.027260590035069754e+00
1.090537199268165693e+02,1.028579509676561798e+02,3.027260590035069754e+00
6.621234846666932583e+01,8.668851129495364205e+01,3.027260590035069754e+00
8.581857731937971323e+01,9.846448227287420707e+01,3.027260590035069754e+00
8.333269956112667387e+01,1.002355960905579906e+02,3.027260590035069754e+00
1.060323603503680090e+02,9.731229279473629390e+01,3.027260590035069754e+00
9.246619554956225784e+01,1.023646386992673030e+02,3.027260590035069754e+00
8.771671127885095132e+01,1.017225392534172670e+02,3.027260590035069754e+00
7.529202724342405872e+01,9.115942403541212968e+01,3.027260590035069754e+00
1.016585542128563731e+02,1.050320336070732878e+02,3.027260590035069754e+00
8.025768337785436302e+01,9.689468471117706372e+01,3.027260590035069754e+00
1.036424251329193851e+02,1.050143510054356852e+02,3.027260590035069754e+00
9.681458474639620704e+01,1.055134359635722774e+02,3.027260590035069754e+00
6.424891597323629355e+01,9.135999035479891006e+01,3.027260590035069754e+00
6.530787065533755253e+01,8.990545726825955342e+01,3.027260590035069754e+00
6.583064343690762144e+01,9.388060775855160500e+01,3.027260590035069754e+00
8.057838533415494453e+01,9.475864900532928914e+01,3.027260590035069754e+00
8.028119469558330934e+01,9.521649353478159128e+01,3.027260590035069754e+00
8.583533973534136408e+01,1.000048863888091404e+02,3.027260590035069754e+00
8.792924493754132698e+01,1.051583369745644347e+02,3.027260590035069754e+00
8.000343151387849616e+01,1.043521092021203742e+02,3.024563093308813677e+00
8.843015130483027519e+01,1.031433612389517265e+02,3.024563093308813677e+00
6.571893015957186890e+01,9.507792531862597230e+01,3.024563093308813677e+00
7.805740578427869991e+01,9.769854381682739586e+01,3.024563093308813677e+00
9.475117042422125735e+01,1.045493518756557592e+02,3.024563093308813677e+00
7.730723035740183491e+01,9.712030214788680382e+01,3.024563093308813677e+00
8.185425698457780186e+01,9.793362331525814568e+01,3.024563093308813677e+00
1.020082632722836422e+02,1.031621394909625735e+02,3.024563093308813677e+00
6.460125408395428792e+01,9.304249611733962411e+01,3.024563093308813677e+00
8.821332059021177940e+01,1.026165550385926650e+02,3.024563093308813677e+00
7.296934198680602890e+01,9.844675018819648926e+01,3.024563093308813677e+00
6.791792700231212621e+01,9.229061215261316420e+01,3.024563093308813677e+00
8.835290719671959891e+01,1.022660964777258670e+02,3.024563093308813677e+00
7.916606967028546649e+01,1.002143390549315427e+02,3.024563093308813677e+00
6.987756331567041457e+01,9.145353975312329453e+01,3.024563093308813677e+00
7.331589533676502413e+01,9.979329857268929516e+01,3.024563093308813677e+00
1.014366379646340022e+02,1.023916130970365117e+02,3.024563093308813677e+00
1.002528210802277044e+02,1.029386534568245537e+02,3.024563093308813677e+00
8.207716247577468494e+01,1.010625484364004762e+02,3.024563093308813677e+00
8.959409931534061400e+01,1.044898617038393098e+02,3.024563093308813677e+00
